#ASVID	S321_NSW1093091_FWD20	S322_NSW1093019_FWD20	S323_NSW1092986_FWD20	S324_NSW1093014_FWD20	S325_NSW1093096_FWD20	S326_NSW1092981_FWD20	S327_NSW1092968_FWD20	S328_NSW1092999_FWD21	S329_NSW1092843_FWD21	S330_NSW1092977_FWD21	S331_NSW1093004_FWD21	S332_NSW1093846_FWD21	S333_NSW1092994_FWD21	S335_NSW1093066_FWD21	S336_NSW1092853_FWD21	S337_NSW1093095_FWD21	S338_NSW1093081_FWD21	S339_NSW1093076_FWD21	S340_NSW1092976_FWD22	S341_NSW1093061_FWD22	S342_NSW1093003_FWD22	S343_NSW1092992_FWD22	S344_NSW1093071_FWD22	S345_NSW1092948_FWD22	S346_NSW1092971_FWD22	S347_NSW1092989_FWD22	S348_NSW1093054_FWD22	S350_NSW1092982_FWD22	S351_NSW1092963_FWD22	S352_NSW1092858_FWD23	S353_NSW1093009_FWD23	S354_NSW1092967_FWD23	S355_NSW1092997_FWD23	S356_NSW1092987_FWD23	S357_NSW1092949_FWD23	S358_NSW1092950_FWD23	S359_NSW1092962_FWD23	S360_NSW1092972_FWD23	S361_NSW1092863_FWD23	S362_NSW1093120_FWD23	S363_NSW1092991_FWD23	S365_NSW1093100_FWD24	S366_NSW1093016_FWD24	S367_NSW1092811_FWD24
1	0	0	0	0	0	0	0	0	0	0	0	0	0	0	0	0	0	0	0	0	0	0	0	0	0	0	0	0	0	0	0	8	0	0	0	0	0	0	0	0	78	0	93	0
2	0	63	0	0	0	0	0	0	0	0	0	0	0	0	0	0	0	0	0	0	0	0	0	0	0	0	0	0	0	0	38	0	215	0	0	0	0	0	0	76	0	0	0	0
3	0	0	0	0	0	0	0	0	0	0	0	0	0	0	0	0	0	0	0	0	0	0	0	0	0	0	0	289	0	0	0	0	0	0	0	0	0	0	0	0	0	0	0	0
4	0	0	0	0	0	0	0	0	0	0	0	0	0	0	0	0	0	0	0	0	0	0	0	0	0	0	0	288	0	0	0	0	0	0	0	0	0	0	0	0	0	0	0	0
5	0	0	0	0	0	0	0	0	0	0	0	0	0	0	0	0	0	0	0	0	0	0	0	0	0	0	0	0	0	0	0	0	277	0	0	0	0	0	0	0	0	0	0	0
6	0	0	0	0	0	0	0	0	0	0	0	0	0	0	0	0	0	0	0	0	0	0	0	0	0	0	0	0	0	11	0	0	0	0	0	0	0	0	0	0	413	0	0	0
7	0	6	353	42	0	0	4	0	18	279	0	39	33	0	0	0	20	0	6	21	0	52	0	19	8	12	0	20	35	38	26	35	13	0	17	0	17	36	180	91	332	0	0	0
8	0	23	0	0	0	0	0	0	0	0	24	0	0	0	0	0	0	0	0	0	0	0	0	0	0	19	0	16	0	0	101	0	0	0	0	0	0	0	18	0	0	0	0	0
9	0	0	0	0	0	0	0	0	0	0	28	0	0	0	0	0	0	0	0	0	0	0	0	0	0	0	193	82	0	0	0	0	76	0	0	0	0	22	0	0	0	0	0	0
10	0	0	0	0	0	0	0	0	0	19	0	0	0	0	0	0	0	0	0	0	0	56	0	0	0	46	0	0	0	0	0	0	0	0	0	0	0	0	0	0	1806	0	0	0
11	0	0	0	0	13	0	0	0	0	1	0	15	0	0	0	10	0	0	0	0	11	15	2	0	0	0	3	0	16	0	0	0	1	43	0	0	0	1	1	0	1	0	3	0
12	0	0	0	0	0	0	0	0	0	0	0	0	0	0	0	0	0	0	0	0	0	0	0	0	0	0	0	0	0	0	0	0	0	0	294	0	0	0	0	0	0	0	0	0
13	0	31	0	0	0	0	0	0	0	0	0	0	0	0	0	0	0	0	0	0	0	0	0	0	0	0	26	33	0	40	0	0	110	0	0	0	0	0	0	0	0	0	0	0
14	0	0	0	0	0	0	0	0	0	0	0	26	0	0	0	0	0	0	0	0	0	0	0	0	0	0	0	0	0	0	0	0	0	0	0	0	0	29	75	0	0	0	0	0
15	0	0	0	0	0	0	0	0	0	0	0	17	0	0	0	0	0	0	0	0	0	0	0	31	0	0	909	0	0	0	0	7	94	0	0	0	0	0	0	0	0	0	0	0
16	0	0	0	20	0	0	0	0	0	0	0	0	0	0	0	0	0	0	0	0	0	0	0	0	0	0	0	0	539	0	0	0	194	0	0	0	0	0	0	0	37	0	0	0
17	0	0	0	0	0	0	0	0	0	0	0	0	0	0	0	0	0	0	0	0	0	0	0	0	0	0	0	0	107	0	0	0	0	0	0	0	0	0	0	0	0	0	0	0
18	0	0	0	0	0	0	0	0	0	0	0	0	0	0	0	0	0	0	0	0	0	47	0	0	0	0	0	0	0	0	0	0	0	0	0	0	0	0	0	0	76	0	0	0
19	0	0	0	0	0	4	0	0	0	0	0	0	0	0	0	0	0	0	10	0	0	0	0	0	0	0	0	7	0	21	0	16	4	0	0	0	0	0	13	0	25	0	18	0
20	6	116	24	8	19	34	14	8	0	12	43	0	0	0	0	27	0	0	20	32	0	70	0	0	20	42	45	53	99	52	57	22	262	0	0	0	8	0	0	46	131	0	69	0
21	0	0	15	0	0	0	0	0	0	0	42	0	0	0	0	0	0	0	0	0	0	20	0	0	0	0	200	0	0	0	0	0	35	0	0	0	0	0	0	32	26	0	0	0
22	0	0	0	0	0	0	96	0	0	0	0	0	0	0	0	0	0	0	0	0	0	0	0	0	0	67	0	0	0	0	0	0	0	0	0	0	0	0	0	0	0	0	0	0
23	0	0	0	0	0	0	0	0	0	0	11	28	0	0	0	0	0	0	0	0	0	15	0	0	0	0	19	35	0	0	0	0	0	0	0	0	0	67	25	49	0	0	0	0
24	0	0	0	0	0	0	0	0	0	0	0	0	0	0	0	0	0	0	0	0	0	63	0	0	0	0	0	0	0	0	47	0	0	0	0	0	0	0	0	0	0	0	0	0
25	0	0	0	0	0	0	0	0	0	23	16	42	0	0	0	0	0	0	0	0	0	0	0	0	0	0	199	0	0	6	0	0	48	0	0	0	0	38	25	0	18	0	0	0
26	0	0	0	0	0	0	0	0	0	0	0	0	0	0	0	0	0	0	0	0	0	0	0	0	0	0	0	0	0	0	0	0	0	0	215	0	0	0	0	0	0	0	0	0
27	0	0	0	0	0	0	0	0	0	0	0	0	0	0	0	0	0	0	0	0	0	0	0	115	0	0	0	0	0	0	0	0	0	0	0	0	0	0	0	0	0	0	0	0
28	0	109	0	0	0	0	0	0	0	73	0	0	0	0	0	0	0	0	0	0	0	65	0	0	0	0	0	78	0	0	30	0	306	0	0	0	0	0	0	0	26	0	0	0
29	0	0	0	0	0	0	0	0	0	0	0	0	0	0	0	0	0	0	0	0	0	0	36	0	0	0	0	0	0	61	0	0	14	0	0	0	0	0	0	0	0	0	0	0
30	0	53	0	0	0	39	0	0	0	25	0	0	0	0	0	0	0	0	0	0	0	0	0	0	0	33	0	0	0	0	0	0	76	0	0	0	0	0	0	23	30	0	0	0
31	19	0	0	0	0	0	0	19	0	0	0	11	0	17	0	0	0	9	0	104	0	0	0	24	0	0	0	0	24	5	101	83	0	19	0	0	9	0	7	87	11	0	0	0
32	0	0	0	0	0	0	0	0	0	0	0	0	0	0	0	0	0	0	0	0	0	0	0	0	0	0	0	0	0	0	0	903	0	0	0	0	0	0	0	0	117	0	0	0
33	0	0	0	0	0	28	0	0	0	0	0	0	0	0	0	0	20	0	0	0	0	0	0	0	0	0	0	0	0	72	0	0	56	0	0	0	0	0	31	31	0	0	0	0
34	0	0	0	0	0	0	0	0	0	0	0	0	0	0	0	72	0	0	0	0	0	0	0	0	0	0	0	0	0	0	0	0	0	0	0	0	0	0	0	0	0	0	38	0
35	0	0	0	0	0	0	0	0	0	0	0	0	0	0	0	0	0	0	0	0	0	0	0	0	0	0	0	788	0	0	0	0	0	0	0	0	0	0	0	0	0	0	0	0
36	0	0	0	0	0	0	0	0	0	23	0	0	0	0	0	0	0	0	0	0	0	0	0	0	0	0	0	0	0	0	0	0	181	0	0	0	0	0	0	0	21	0	0	0
37	0	0	0	0	0	0	0	0	0	0	0	0	0	0	0	0	0	0	0	0	0	0	0	0	0	0	0	303	0	0	0	0	0	0	0	0	0	0	0	0	0	0	0	0
38	0	0	26	0	0	0	0	0	0	0	0	0	0	0	0	0	0	0	0	0	0	0	0	0	0	0	0	18	0	62	0	0	18	0	0	0	0	40	0	0	29	0	0	0
39	0	0	0	0	0	0	0	0	0	0	0	0	0	0	0	0	0	0	0	0	0	0	0	0	0	0	0	0	0	0	0	0	0	0	109	0	0	0	0	0	0	0	0	0
40	0	0	105	0	0	0	22	0	0	46	21	0	0	0	0	0	0	0	0	40	0	134	0	125	0	0	0	0	48	0	240	13	0	0	0	0	0	0	0	123	560	0	37	0
41	0	0	0	0	0	0	0	0	0	0	0	45	0	0	0	0	0	0	0	0	0	0	0	0	0	0	0	33	0	51	0	0	21	0	0	0	0	48	0	0	0	0	0	0
42	0	0	0	0	0	0	0	0	0	0	89	36	0	0	0	6	0	0	0	20	0	0	21	53	0	0	0	0	88	0	21	0	55	0	0	0	0	0	42	0	101	0	14	48
43	0	0	0	0	0	0	0	0	0	0	19	16	0	0	0	0	0	0	0	0	0	0	0	147	0	0	0	38	0	17	0	0	94	0	0	0	0	0	0	30	0	0	0	0
44	0	31	0	0	0	43	0	0	12	0	99	12	0	24	0	0	27	25	20	0	0	26	0	0	0	84	0	108	38	121	33	0	0	0	0	26	0	0	59	0	49	44	41	0
45	0	0	0	0	0	0	0	0	0	0	0	0	0	0	0	0	0	0	0	0	0	0	0	0	0	0	0	0	0	66	0	0	48	0	0	0	0	0	0	0	0	20	23	0
46	0	0	0	0	0	0	0	0	0	0	0	0	0	0	0	0	0	0	0	0	0	0	0	0	0	0	0	0	0	0	0	0	0	0	0	0	0	0	0	14	151	0	0	0
47	0	8	0	0	0	11	0	0	16	21	0	0	0	0	0	0	0	0	0	0	12	20	0	0	0	0	0	0	8	57	0	15	0	0	0	0	0	0	0	0	37	0	34	0
48	0	0	0	0	0	0	0	0	0	30	0	0	0	0	0	0	0	0	0	0	0	0	0	0	0	0	42	0	0	0	0	16	171	12	0	0	0	55	0	0	0	0	0	0
49	0	0	0	0	0	0	0	0	0	0	0	0	0	0	0	0	0	0	0	0	0	22	0	0	0	0	82	0	0	0	0	11	0	0	0	0	0	0	0	31	0	0	10	0
50	0	105	0	0	0	0	0	0	0	0	0	0	0	0	0	0	0	0	0	0	0	0	0	0	0	0	0	0	0	228	0	0	319	0	0	0	0	0	0	51	0	0	0	0
51	0	0	0	0	0	9	0	0	0	11	0	0	0	0	0	0	0	0	0	17	21	12	0	0	0	0	20	40	0	46	0	0	3	0	0	0	0	1	0	0	35	0	0	0
52	0	8	19	0	0	0	4	0	0	16	5	0	0	0	0	0	12	0	0	0	0	85	48	29	5	19	139	0	8	108	0	22	0	0	0	0	0	18	0	0	56	7	53	0
53	0	256	0	0	0	0	0	0	0	0	0	0	0	0	0	0	0	0	0	0	0	0	0	0	0	0	0	0	45	0	0	0	268	0	0	0	0	0	0	0	0	0	0	0
54	0	0	0	0	0	0	0	0	0	0	0	0	0	0	0	0	0	0	0	0	0	0	0	0	0	0	0	0	0	111	0	0	0	0	0	0	0	0	0	0	0	0	0	0
55	0	0	33	0	0	0	0	0	0	0	0	0	0	0	0	0	0	0	0	0	0	0	0	0	0	0	130	0	0	0	32	0	0	0	0	0	0	0	0	0	0	0	0	0
56	0	0	32	0	0	0	0	0	0	0	0	0	0	0	0	14	0	0	38	0	0	30	0	0	0	0	0	0	0	0	0	24	17	0	0	0	0	0	0	144	56	0	0	0
57	0	0	0	0	0	0	0	0	0	0	0	0	0	0	0	0	0	0	0	0	0	289	0	0	0	0	0	0	0	0	0	0	0	0	0	0	0	0	0	0	0	0	0	0
58	0	0	0	0	0	0	0	0	0	0	0	0	0	0	0	0	0	0	0	0	0	50	0	0	0	0	0	0	0	0	33	0	0	0	0	0	0	0	0	0	20	0	0	0
59	0	0	19	0	0	0	0	0	0	0	0	0	0	0	0	0	0	0	0	0	0	0	0	0	0	0	0	0	0	61	0	0	0	0	0	0	0	0	0	53	0	0	0	0
60	0	441	0	0	0	54	0	0	18	89	0	30	0	0	0	35	0	0	20	31	0	99	0	0	0	0	0	35	15	525	41	35	407	14	0	0	13	0	23	104	168	0	59	0
61	0	53	0	0	0	0	0	0	0	0	0	0	0	0	0	0	0	0	0	0	0	0	0	0	0	0	0	0	0	60	0	0	194	0	0	0	19	0	0	22	13	0	0	0
62	0	715	0	0	0	0	0	0	0	0	0	0	0	0	0	0	0	0	0	0	0	0	0	0	0	0	0	0	0	0	0	0	0	0	0	0	0	0	0	0	0	0	0	0
63	0	853	0	0	0	0	0	0	0	115	0	0	0	0	0	0	0	65	0	86	0	0	0	57	0	0	0	0	7270	0	319	2284	519	92	0	0	136	6	0	0	158	0	0	0
64	0	0	0	0	0	0	0	0	0	0	0	0	0	0	0	0	0	0	0	0	0	0	0	22	0	0	0	0	0	22	0	0	0	0	0	0	0	23	31	0	8	27	11	0
65	0	77	33	29	0	28	0	0	36	32	17	16	21	0	0	40	14	0	41	95	48	56	49	15	47	93	540	57	73	121	32	35	109	14	0	0	0	14	110	37	232	0	108	109
66	0	0	85	0	0	0	0	0	0	0	0	0	0	0	0	0	0	0	0	0	0	0	0	9	0	34	0	0	0	0	0	0	0	0	0	0	0	0	0	0	90	0	0	0
67	0	0	44	0	0	0	0	0	0	83	0	0	0	0	0	0	0	0	0	100	13	100	0	0	0	0	113	43	19	0	0	0	79	25	0	0	0	51	0	0	54	0	0	0
68	0	0	0	0	0	0	0	0	20	0	0	0	0	0	0	0	0	0	0	0	0	0	0	0	0	0	0	0	0	119	0	0	0	0	0	0	0	0	0	0	4	0	0	0
69	0	0	0	0	0	0	0	0	0	0	0	0	0	0	0	0	0	0	0	248	0	0	0	0	0	0	0	0	0	0	0	0	0	0	0	0	0	0	0	0	0	0	0	0
70	0	27	0	0	0	0	0	0	0	20	0	0	0	0	0	0	0	0	0	0	0	29	0	0	0	41	0	29	0	0	0	0	173	0	0	0	0	0	0	20	0	0	31	0
71	0	0	0	0	0	0	0	0	0	0	0	0	0	0	0	0	0	0	0	27	0	0	0	0	0	0	0	0	33	0	0	0	0	0	0	0	23	0	0	69	0	0	0	0
72	5	0	0	0	0	0	0	0	0	0	0	0	0	7	0	0	0	0	0	0	0	12	0	0	0	61	0	0	0	0	41	185	0	0	0	0	0	0	0	8	50	0	0	0
73	0	0	0	0	0	0	0	0	0	0	0	0	0	0	0	0	0	0	0	0	0	0	0	0	0	0	0	0	0	0	0	0	0	0	0	0	0	0	0	0	134	0	0	0
74	0	0	0	0	0	0	0	0	0	0	0	0	0	0	0	0	0	0	0	0	0	0	0	75	0	0	0	0	0	0	0	0	0	0	0	0	0	28	0	0	14	0	0	0
75	0	265	27	0	27	0	4	0	0	261	0	56	0	0	0	0	0	0	0	0	0	17	0	0	0	0	0	28	102	0	23	26	114	0	0	6	17	0	0	13	107	0	0	0
76	0	0	0	0	0	0	0	0	0	0	24	0	0	0	0	0	0	0	0	0	0	40	0	0	0	0	0	40	0	0	0	0	0	0	0	0	0	0	0	0	8	27	0	0
77	0	43	127	0	0	0	99	0	0	0	0	8	0	0	0	0	0	5	0	0	0	82	0	0	0	7	0	0	60	0	382	1941	33	18	0	0	0	9	0	0	113	0	0	0
78	0	62	0	0	0	33	12	0	0	0	0	0	0	0	0	0	0	21	26	0	0	0	0	69	0	0	0	0	0	127	44	0	237	0	0	0	0	0	0	0	0	0	81	0
79	0	51	0	0	0	0	0	0	0	0	0	0	0	0	0	0	0	17	42	0	0	0	0	0	0	0	0	0	0	0	40	0	57	0	0	0	0	0	0	46	5	0	0	0
80	0	0	96	0	0	0	0	0	0	0	0	0	0	0	0	0	0	0	0	0	0	0	0	0	0	0	0	58	0	0	0	109	0	0	0	0	0	0	0	0	59	0	0	0
81	0	0	0	0	0	0	0	0	0	0	0	0	0	0	0	0	0	0	31	0	35	34	0	0	0	0	0	49	0	273	0	21	108	0	0	0	0	31	23	99	54	60	0	0
82	0	0	0	0	0	0	0	0	0	0	0	0	0	0	0	0	0	0	0	228	0	0	0	0	10	0	0	4	0	0	0	3186	0	116	0	0	0	1512	0	19	0	43	0	0
83	0	21	178	0	0	0	64	0	0	369	0	28	0	0	0	0	0	0	0	0	0	103	0	0	0	0	0	35	1437	0	118	200	3	0	0	0	30	0	0	231	161	0	0	0
84	25	86	21	0	0	37	0	27	26	32	0	0	0	0	0	19	8	0	37	39	23	36	30	0	12	0	34	40	15	355	29	7	85	0	0	0	0	0	11	27	77	0	53	0
85	0	0	0	0	0	0	0	0	0	0	0	0	0	0	0	0	0	0	0	0	0	0	0	0	0	0	0	0	0	0	0	0	105	0	0	0	0	0	0	30	0	0	0	0
86	0	0	0	0	0	0	0	0	0	0	0	8	0	0	0	0	0	0	0	0	0	0	0	0	0	0	0	70	0	0	0	0	42	0	0	0	0	0	0	0	0	0	0	0
87	0	101	27	0	0	22	0	0	0	22	0	0	0	0	0	21	0	0	23	0	0	33	0	0	0	0	0	21	0	126	0	25	0	0	0	0	0	0	38	23	65	0	28	0
88	0	0	0	0	0	0	0	0	0	0	0	0	0	0	0	0	0	0	0	0	0	0	0	0	0	0	0	27	0	0	242	0	0	0	0	0	0	0	0	0	0	0	0	0
89	0	0	0	0	0	0	0	0	0	0	0	0	0	0	0	0	0	0	0	0	0	0	0	0	0	0	0	0	0	109	0	0	0	0	0	0	0	0	0	0	0	0	0	0
90	0	0	0	0	0	20	0	0	0	0	38	0	0	0	0	0	0	0	0	0	0	0	0	0	0	0	0	0	0	65	0	0	165	0	0	0	0	0	51	0	0	0	0	0
91	0	0	0	0	0	0	0	0	0	0	0	25	0	0	0	0	0	0	0	23	0	0	0	0	0	0	0	0	0	53	0	0	0	0	0	0	0	0	6	0	0	40	0	0
92	0	0	0	0	0	0	0	0	0	0	0	0	0	0	0	0	0	0	0	0	0	0	0	0	0	0	0	0	0	0	0	0	0	0	198	0	0	0	0	0	0	0	0	0
93	0	0	20	0	0	0	0	0	0	0	0	0	0	0	0	0	0	0	0	0	0	0	0	0	0	0	110	0	0	0	0	0	0	0	0	0	0	0	0	0	0	0	0	0
94	0	0	0	0	0	0	0	0	0	0	0	0	0	0	0	0	0	0	0	0	0	0	0	0	0	0	0	0	349	5	0	0	0	0	0	0	0	0	0	0	0	0	0	0
95	0	27	0	0	0	0	0	0	0	0	0	0	0	44	0	0	0	0	0	0	0	0	0	0	0	0	0	0	0	0	105	0	0	0	0	0	0	0	0	0	0	0	0	0
96	0	0	0	0	0	0	0	0	0	0	0	0	0	0	0	0	0	0	0	0	0	0	0	0	0	0	0	0	0	0	0	79	0	0	0	0	0	0	0	0	140	0	0	0
97	0	0	0	0	0	35	13	0	0	34	0	0	0	0	0	0	21	0	14	0	0	39	0	0	0	0	0	27	94	148	0	19	69	4	0	0	0	0	0	52	158	0	83	0
98	0	0	7	0	0	0	0	0	0	4	0	0	0	19	0	0	44	31	0	51	0	1	0	38	0	0	0	5	0	3	0	0	7	0	0	0	0	0	0	0	5	0	0	0
99	0	0	0	0	0	13	0	0	0	21	0	0	0	0	0	0	29	0	0	0	0	0	0	0	0	0	0	0	24	100	0	0	37	0	0	0	0	0	0	0	0	0	0	0
100	0	0	0	0	0	0	0	0	0	49	0	0	0	0	0	0	0	0	0	0	0	82	0	0	0	14	101	0	0	0	24	0	0	0	0	0	0	0	0	0	92	0	70	0
101	0	0	0	0	0	0	0	0	0	0	0	0	0	0	0	0	0	0	0	0	0	0	0	0	0	0	0	0	0	62	0	0	0	0	0	0	0	0	100	0	0	0	0	37
102	0	72	50	0	0	28	0	0	61	127	67	35	0	0	0	0	0	0	16	68	7	173	74	0	22	0	835	172	18	372	0	51	436	58	0	0	0	135	0	54	164	0	71	0
103	0	127	102	0	0	0	75	0	14	153	0	8	378	0	0	0	25	31	40	18	0	21	0	10	0	0	0	63	251	2	37	88	52	0	0	0	0	0	0	61	94	0	15	0
104	10	10098	0	43	0	0	0	0	0	0	0	0	0	0	0	0	0	0	0	41	0	0	0	0	0	0	0	0	46	0	0	0	0	0	0	0	0	0	11	674	0	0	0	0
105	0	0	0	0	0	57	0	0	0	0	0	0	0	0	0	0	0	0	0	0	0	0	0	0	0	0	97	20	0	60	0	0	97	0	0	0	0	0	0	0	0	0	0	0
106	0	0	123	0	0	0	0	0	0	133	0	0	0	0	0	0	0	0	0	88	0	0	0	0	0	0	0	18	0	0	29	212	0	0	0	0	0	0	0	12	182	0	0	0
107	0	0	48	0	0	0	0	0	0	0	0	0	0	0	0	0	0	0	0	0	0	23	0	0	0	0	0	0	0	0	0	0	0	0	0	0	0	0	0	0	40	0	0	0
108	0	0	30	0	0	0	0	0	26	0	0	0	0	0	0	0	0	0	0	0	0	29	15	0	0	33	0	0	0	4	0	0	0	0	0	0	0	0	0	0	0	0	54	0
109	0	0	0	0	0	0	0	0	0	0	0	0	0	0	0	0	0	0	0	0	0	0	0	0	0	0	0	131	0	0	0	53	0	0	0	0	0	0	0	0	0	0	0	0
110	0	0	65	0	0	0	0	0	0	0	105	0	0	0	0	0	0	0	0	0	0	92	0	0	0	0	185	51	0	197	0	150	0	0	0	0	0	0	65	281	122	0	0	0
111	0	35	0	0	0	0	0	0	0	0	0	0	0	0	0	20	0	0	0	0	0	65	0	0	0	0	0	0	0	0	0	0	0	0	0	0	0	0	0	14	56	0	0	0
112	0	0	28	0	0	0	0	0	0	0	0	0	0	0	0	0	0	0	0	0	0	28	0	0	0	48	0	47	0	59	0	8	90	0	0	0	0	0	0	71	55	0	0	0
113	0	0	100	0	0	0	0	0	0	0	28	0	0	0	0	0	0	0	0	0	0	0	0	0	0	0	0	0	0	0	0	0	0	0	0	0	0	0	0	0	56	0	0	0
114	0	0	0	0	0	19	0	0	0	11	0	0	0	0	0	10	0	14	0	0	0	51	0	0	0	0	0	0	0	0	0	0	14	0	0	0	0	0	0	7	52	0	9	0
115	0	647	0	0	0	0	0	0	0	47	0	0	0	0	0	0	0	0	0	14	0	40	0	0	0	0	0	0	0	107	27	0	886	0	0	0	0	0	0	0	0	0	0	0
116	0	0	0	0	0	0	0	0	0	0	0	0	0	0	0	0	0	0	0	0	0	0	11	0	0	0	0	0	0	213	0	0	0	0	0	0	0	0	0	11	13	0	0	0
117	0	0	0	0	0	0	0	0	0	0	0	0	0	0	0	0	0	0	0	16	0	0	0	0	0	26	123	0	47	0	0	0	0	0	0	0	0	27	0	0	0	0	0	0
118	0	0	223	0	0	0	17	0	0	30	0	0	0	0	0	0	0	0	0	0	0	56	0	0	0	0	0	0	0	0	199	0	0	0	0	0	0	0	0	23	0	0	0	0
119	0	0	0	0	0	0	0	0	0	0	0	0	0	0	0	0	0	0	0	0	0	0	0	0	0	0	0	0	0	144	0	0	68	0	0	0	0	0	0	0	0	0	0	0
120	0	55	0	0	0	0	0	0	0	0	0	0	0	0	0	0	0	0	0	0	0	0	0	0	0	0	0	0	0	0	0	0	45	0	0	0	0	0	0	28	0	0	0	0
121	0	15	0	0	0	0	0	0	0	21	33	20	0	0	0	0	14	0	0	0	0	0	0	0	0	22	43	33	17	31	0	19	0	0	0	0	0	26	21	11	114	0	24	0
122	0	0	0	0	0	0	0	0	0	44	0	0	0	0	0	0	0	0	0	63	0	36	0	0	0	0	108	0	76	0	0	94	136	0	0	0	0	0	70	0	139	0	0	0
123	0	685	280	0	0	75	43	45	21	413	0	95	0	0	0	25	0	0	0	0	0	249	0	0	0	0	0	211	270	480	148	106	2355	46	0	0	0	0	0	135	704	0	77	13
124	0	0	0	0	0	0	26	0	0	0	0	0	0	0	0	0	0	0	0	14	0	0	0	0	0	46	0	0	191	0	25	72	0	0	0	0	0	0	0	0	162	0	0	0
125	0	19	0	0	0	0	0	0	0	0	0	0	0	0	0	0	0	0	0	0	0	0	0	0	0	0	0	0	0	0	0	66	178	0	0	0	0	0	0	13	0	0	0	0
126	0	0	0	0	0	0	0	0	0	0	0	0	0	0	0	0	0	0	0	0	0	27	0	0	0	0	0	0	0	0	0	0	121	0	0	0	0	0	0	0	0	0	0	0
127	0	0	85	0	0	0	0	0	0	0	0	0	0	0	0	0	0	0	0	0	0	0	0	6	0	0	0	25	0	0	0	0	0	0	7	0	0	0	18	0	244	0	0	0
128	0	0	0	0	0	12	0	0	0	0	0	0	0	0	0	0	0	0	0	0	0	0	0	0	0	0	0	0	0	142	0	0	76	0	0	0	0	0	0	0	0	0	0	0
129	0	0	0	0	0	0	0	0	0	0	0	0	0	0	0	0	0	0	0	0	0	0	0	0	0	0	0	0	0	0	0	0	104	0	0	0	0	35	0	0	0	0	0	0
130	0	0	42	0	0	0	0	0	0	0	0	0	0	0	0	0	0	0	0	0	0	72	0	0	0	0	70	279	0	5	0	0	76	0	0	0	0	34	0	17	93	0	0	0
131	0	0	0	0	0	36	0	0	53	0	0	0	0	0	0	0	0	0	0	0	0	0	0	0	0	0	0	0	34	871	0	0	0	0	0	0	0	0	52	0	0	0	0	110
132	0	0	16	0	0	0	0	0	0	0	0	13	0	0	0	0	0	0	0	0	0	0	0	0	0	0	55	0	0	0	0	0	195	0	0	0	0	0	0	0	26	15	0	0
133	0	0	0	0	0	0	0	0	0	0	0	0	0	0	0	0	0	0	0	0	0	0	0	0	0	0	0	0	0	225	0	0	0	0	0	0	0	0	0	0	0	0	0	0
134	0	468	0	0	0	0	0	0	0	0	0	0	0	0	0	0	0	0	0	0	0	0	0	0	0	0	0	0	0	0	0	0	0	0	0	0	0	0	0	0	0	0	0	0
135	0	0	0	0	0	0	0	0	0	0	0	0	0	0	0	0	0	0	0	0	0	0	0	0	0	153	0	0	0	0	0	0	0	0	0	0	0	0	0	0	0	0	0	0
136	0	0	0	0	0	0	0	0	0	0	95	0	0	0	0	0	0	0	0	0	0	0	0	0	0	0	0	0	0	0	0	0	0	0	0	0	0	0	0	0	0	24	0	0
137	0	0	0	0	0	0	0	0	0	0	38	0	0	0	0	0	0	0	0	0	0	0	0	0	0	0	0	0	0	60	0	0	0	0	0	0	0	29	0	0	0	0	0	0
138	0	0	0	0	0	0	0	0	0	51	0	9	0	0	0	0	0	0	10	0	0	0	0	0	13	0	0	34	0	0	0	0	26	0	0	0	0	13	0	0	45	70	0	0
139	0	0	28	0	0	0	0	0	0	0	0	0	0	0	0	0	0	0	0	0	0	0	0	0	0	0	0	0	0	0	0	0	0	0	0	0	0	86	0	0	0	0	0	0
140	0	53	15	0	0	0	0	0	0	0	0	0	0	0	0	0	0	0	0	0	0	0	0	0	0	140	0	0	29	0	0	0	0	0	0	0	0	0	0	43	35	0	0	0
141	0	0	0	0	0	0	0	0	0	0	0	0	0	0	0	0	0	0	0	0	0	0	0	0	0	0	0	60	0	0	0	0	843	0	0	0	0	0	29	0	57	0	0	0
142	11	1	23	0	0	17	0	0	0	0	0	0	9	0	0	41	0	0	34	19	0	4	0	24	0	30	0	0	18	0	0	0	3	0	0	0	0	3	0	1	0	17	1	0
143	0	0	0	0	0	0	0	0	0	0	0	0	0	0	0	0	0	0	0	0	0	0	0	0	0	0	0	0	0	0	51	0	0	0	0	0	0	0	0	0	0	0	0	161
144	0	0	0	0	0	0	21	0	0	0	0	0	0	0	0	0	0	0	0	0	0	0	0	75	0	0	0	0	1002	58	0	26	0	0	0	0	0	120	0	0	51	0	0	0
145	0	0	0	0	0	0	0	0	0	0	0	275	0	0	0	0	0	0	0	0	0	93	0	0	0	78	0	0	195	0	0	0	0	0	0	0	15	0	0	0	291	0	0	0
146	0	0	0	0	0	0	0	0	0	0	0	0	0	0	0	0	0	0	0	0	0	1428	0	0	0	0	0	0	0	0	0	0	0	0	0	0	0	0	0	0	71	0	0	0
147	0	0	0	0	0	0	0	0	0	0	0	0	0	0	0	0	0	0	16	0	0	94	0	0	0	0	0	0	0	0	0	0	0	0	0	0	0	0	0	0	529	0	0	0
148	0	0	0	0	0	0	0	0	0	18	0	0	0	0	0	0	0	0	0	0	0	0	0	0	0	0	0	0	0	0	60	2526	0	0	0	0	0	0	0	0	118	0	14	0
149	0	0	0	0	0	14	0	0	41	12	34	67	0	0	0	0	16	0	0	0	0	21	71	0	0	0	27	23	0	64	0	30	36	0	0	0	0	187	76	0	76	0	46	0
150	0	0	0	0	0	19	0	0	0	0	0	0	0	0	0	0	0	0	0	0	0	0	0	15	0	0	472	56	0	0	0	0	53	0	0	0	0	0	0	0	0	0	22	0
151	0	124	73	0	0	0	0	0	0	73	0	0	0	0	0	16	0	0	0	0	0	68	0	37	0	0	62	151	0	117	0	32	600	0	0	0	8	33	0	0	79	0	30	0
152	0	0	0	0	0	0	0	0	0	0	0	0	0	0	0	0	0	0	0	0	0	0	0	0	0	25	40	0	0	0	0	0	99	0	0	0	0	0	0	76	24	0	0	0
153	0	33	0	0	23	43	11	0	49	13	0	0	0	10	0	20	0	14	15	66	11	48	16	0	18	13	166	18	77	121	60	16	44	0	0	0	0	0	18	13	123	0	105	0
154	0	0	0	0	0	0	0	0	0	0	0	0	0	0	0	0	0	0	17	0	0	26	0	0	0	46	0	0	0	21	0	0	0	0	0	0	0	0	0	26	19	0	18	26
155	0	145	0	0	0	0	58	0	0	0	8	0	0	0	0	0	0	0	0	0	0	0	0	0	0	0	0	0	586	0	130	0	0	0	0	0	0	0	0	0	0	0	0	0
156	0	0	0	0	0	0	0	0	0	0	0	0	0	0	0	0	0	0	0	0	0	0	0	0	0	0	0	0	0	0	0	0	0	0	0	0	0	0	0	0	310	0	0	0
157	0	0	0	0	0	0	0	0	0	0	0	0	0	0	0	0	0	0	0	0	0	0	0	0	0	0	0	0	0	0	0	0	0	0	0	0	0	0	0	0	0	0	176	0
158	0	0	0	0	0	0	0	0	0	0	129	0	0	0	0	0	0	0	0	0	0	0	0	0	0	0	0	0	0	0	0	0	0	0	0	0	0	0	0	0	0	0	0	0
159	0	82	0	0	0	0	0	0	0	0	0	0	0	0	0	0	0	0	0	0	0	0	0	0	0	0	23	27	53	0	0	0	125	0	0	0	0	0	0	0	0	0	0	0
160	0	0	0	0	0	0	0	0	0	0	0	0	0	0	0	0	0	0	0	0	0	24	0	0	0	0	0	0	1568	0	7	28	326	0	0	0	0	0	0	0	0	0	0	0
161	0	0	42	0	0	37	0	0	0	80	21	0	0	0	0	0	21	0	0	0	0	0	43	0	0	0	210	61	0	45	0	39	80	0	0	0	0	80	34	0	166	0	93	58
162	0	23	24	0	0	17	0	0	0	21	17	0	0	0	0	12	28	0	0	20	0	38	0	0	0	36	114	45	48	176	0	73	207	0	0	0	0	0	0	121	28	12	0	0
163	0	0	25	0	0	0	146	0	0	0	0	0	0	0	0	0	0	0	0	0	0	0	0	16	0	0	0	0	0	0	217	0	0	0	0	0	0	0	0	102	0	0	0	0
164	0	0	0	0	0	0	0	0	0	20	0	0	0	0	0	0	0	0	0	0	0	45	17	0	0	0	0	0	0	80	38	0	88	0	0	0	0	0	0	0	0	0	68	0
165	0	40	59	0	0	0	33	0	0	0	0	0	0	0	0	0	0	0	0	0	0	0	0	0	0	0	14	32	63	0	0	0	0	0	0	0	0	0	0	0	0	0	0	0
166	0	0	0	0	0	0	0	0	0	0	0	0	0	0	0	0	0	0	0	0	0	0	0	0	0	0	0	0	0	263	0	0	25	0	0	0	0	0	0	0	0	0	0	0
167	0	0	0	0	0	0	0	0	0	0	0	0	0	0	0	0	0	0	0	0	0	32	0	0	0	0	0	0	0	0	22	0	7	0	0	0	0	0	0	0	43	0	0	0
168	0	0	0	0	0	0	0	0	0	0	0	0	0	0	0	0	0	0	0	0	0	0	0	0	0	0	0	0	0	65	0	0	57	0	0	0	0	0	0	0	0	0	15	0
169	0	0	0	0	0	0	0	0	0	0	0	0	0	0	0	0	0	0	0	0	0	0	0	0	0	0	0	0	0	0	0	0	0	0	0	0	0	0	0	0	306	0	0	0
170	0	0	0	0	0	0	0	0	0	0	0	0	0	0	0	0	0	0	0	11	0	0	0	0	0	0	0	0	0	0	0	75	0	0	8834	0	0	0	0	0	0	0	0	0
171	0	124	56	0	0	0	0	0	0	0	0	0	0	0	0	0	0	0	0	0	0	66	0	0	0	0	47	45	0	53	35	15	164	0	0	0	0	45	0	143	159	0	77	0
172	0	43	0	0	0	0	0	0	0	0	34	0	0	0	0	0	0	0	0	0	0	27	0	0	13	92	133	0	0	0	0	0	0	0	0	6	0	0	0	0	39	0	0	0
173	0	0	0	0	0	0	0	0	0	0	0	0	0	0	0	0	0	0	0	0	0	0	0	0	0	0	0	0	0	131	0	0	12	0	0	0	0	0	0	0	0	0	0	0
174	0	0	0	0	0	0	0	0	0	25	0	0	0	0	0	0	0	0	0	0	0	0	0	0	0	0	0	0	0	0	0	253	0	0	0	0	0	0	0	0	0	0	0	0
175	0	0	761	0	0	0	16	0	0	0	0	0	0	0	0	0	0	0	0	0	0	0	0	0	0	0	0	36	785	0	36	0	0	0	0	0	444	0	0	0	0	0	0	0
176	0	31	31	0	0	21	0	0	0	57	0	0	0	0	0	22	0	0	0	0	35	39	0	0	0	0	30	39	23	50	0	39	311	0	0	0	0	0	0	28	116	0	55	0
177	32	0	0	0	0	0	0	0	0	0	0	0	0	0	0	0	0	0	0	0	0	0	0	0	0	0	0	0	0	133	0	0	0	0	0	0	0	0	0	0	0	0	0	0
178	0	45	74	0	0	0	0	0	0	65	0	0	0	0	0	0	0	0	0	0	0	92	0	0	0	0	0	153	0	0	67	0	0	0	0	0	24	53	0	0	207	0	0	0
179	0	13	0	0	0	0	0	0	0	0	0	0	0	0	0	0	0	0	0	0	0	0	0	0	0	0	0	0	275	0	0	0	0	0	0	0	0	0	0	0	0	0	0	0
180	0	0	34	0	0	0	0	0	0	70	0	0	0	0	0	0	0	0	0	0	0	20	0	0	0	0	0	0	0	0	0	0	0	0	0	0	0	21	0	82	21	0	0	0
181	0	0	0	0	0	0	0	0	0	0	0	0	0	0	0	0	0	0	0	0	0	0	0	0	0	0	0	0	0	0	0	0	0	0	119	0	0	0	0	0	0	0	0	0
182	0	0	70	0	0	32	0	0	0	120	0	24	13	0	0	0	0	0	0	0	0	89	0	0	0	0	86	0	138	0	0	28	0	0	0	0	35	0	0	35	98	31	36	0
183	0	0	15	0	0	0	25	0	0	0	0	0	0	0	0	0	0	0	0	0	0	0	0	0	0	0	0	0	137	0	68	0	0	0	0	0	0	0	0	0	0	0	0	0
184	0	0	81	0	0	0	26	0	0	19	0	0	0	0	0	0	0	13	0	0	0	65	0	10	0	0	0	44	12	0	247	11	0	0	255	0	0	0	0	0	177	0	50	0
185	0	0	0	0	0	0	0	0	0	0	0	0	0	0	0	0	0	0	0	0	0	0	0	0	0	0	0	0	0	0	0	0	0	0	382	0	0	0	0	0	0	0	0	0
186	0	0	0	0	0	0	0	0	0	15	0	0	0	0	0	0	0	0	0	0	0	0	0	0	0	0	0	2267	0	0	0	0	42	0	0	0	0	0	0	0	0	0	0	0
187	0	0	0	0	0	0	0	0	0	0	0	0	0	0	0	0	0	0	0	0	0	0	0	0	0	0	0	27	0	85	0	0	0	0	0	0	0	0	37	0	0	0	0	0
188	0	0	28	0	0	0	0	0	0	33	8	28	0	0	0	0	0	27	0	0	0	15	0	0	0	0	0	12	0	0	10	0	0	0	0	0	0	7	11	0	204	0	6	0
189	0	0	0	0	0	0	0	0	0	0	0	0	0	0	0	0	0	0	0	0	0	0	0	0	0	0	0	26	0	48	0	28	43	0	0	0	0	0	0	0	18	0	0	0
190	0	0	40	0	0	0	0	0	0	0	0	0	0	0	0	0	0	0	26	12	0	0	0	0	0	66	0	0	0	0	0	0	0	0	0	0	0	0	0	51	0	0	42	0
191	0	0	0	0	0	0	0	0	0	0	0	32	0	0	0	0	0	0	0	0	0	0	0	64	0	0	33	47	0	60	0	0	0	17	0	0	0	42	71	0	36	0	0	0
192	0	0	0	0	0	0	0	0	0	0	0	0	0	0	0	0	0	0	0	0	0	0	0	0	0	0	0	0	256	0	0	0	0	0	0	0	0	0	0	0	0	0	0	0
193	18	34	39	0	0	17	7	0	0	16	50	0	0	0	0	16	0	0	0	28	16	42	0	0	0	0	202	38	244	0	66	60	70	25	0	0	0	0	0	19	131	0	0	0
194	0	0	0	0	0	0	0	0	0	0	0	25	0	0	0	0	0	0	0	0	0	0	0	0	0	0	0	435	0	0	0	0	0	0	0	0	0	0	16	0	0	0	0	0
195	0	0	0	0	0	0	0	0	0	0	0	0	0	0	0	0	0	0	0	0	0	0	0	0	0	0	0	460	0	0	0	0	0	0	0	0	0	0	0	0	0	0	0	0
196	0	37	0	0	0	15	0	0	0	17	0	0	0	0	0	17	0	0	0	0	0	33	0	0	0	0	0	0	0	13	0	0	854	0	0	0	0	0	0	27	0	0	7	0
197	0	0	14	0	0	0	0	0	0	0	0	0	0	0	0	0	0	14	0	0	0	21	0	0	0	0	0	0	0	0	26	28	0	0	0	0	0	0	0	0	36	0	0	0
198	0	0	0	0	0	0	0	0	0	32	0	0	0	0	0	0	0	0	0	76	0	0	0	0	0	0	0	0	0	0	0	0	0	0	0	0	0	0	0	43	0	0	0	0
199	0	0	0	0	0	0	0	0	0	0	0	0	0	0	0	0	0	0	0	0	0	0	0	0	0	42	0	0	0	62	0	0	0	0	0	0	0	0	0	0	0	0	0	0
200	0	0	2	0	0	0	0	0	0	42	0	0	0	0	0	0	0	0	0	0	0	0	0	0	0	0	0	17	0	0	42	0	0	0	0	0	0	29	0	0	2	0	0	0
201	0	0	0	0	0	0	0	0	0	0	0	0	0	0	0	0	0	0	0	0	0	0	0	0	0	0	105	0	0	0	0	0	182	0	0	0	0	0	0	0	0	0	0	0
202	8	0	0	0	0	0	0	0	0	0	0	0	0	0	0	0	0	0	0	0	0	0	0	0	0	0	0	28	0	127	0	0	149	5	0	0	0	0	23	32	0	0	0	0
203	0	138	0	0	0	0	0	0	0	0	12	0	0	0	0	9	0	0	0	10	19	0	0	0	0	126	4	0	0	0	32	0	0	0	0	0	0	0	0	0	0	0	0	0
204	0	0	0	0	0	0	0	0	0	79	0	0	0	0	0	0	0	0	0	0	0	0	0	0	0	0	95	0	0	0	0	0	0	0	0	0	0	0	0	0	0	0	0	0
205	31	0	0	38	49	129	0	0	113	0	100	0	0	0	0	40	0	33	24	168	94	72	101	0	40	53	0	0	293	223	73	0	0	0	0	0	35	0	186	0	325	0	278	0
206	0	0	21	0	0	0	14	0	0	0	0	0	0	0	0	0	0	11	0	0	0	0	0	0	0	0	0	0	39	0	119	0	0	0	0	0	27	0	0	0	84	0	22	0
207	0	0	0	0	0	0	0	0	0	0	0	0	0	0	0	0	0	0	0	0	0	0	0	0	0	10	0	0	0	0	0	0	43	0	0	0	0	18	0	50	0	0	0	0
208	0	18	0	0	0	0	0	0	0	0	2	0	0	0	0	0	0	0	0	0	0	0	0	0	0	0	0	0	43	0	1	79	0	0	0	0	0	0	0	0	0	0	0	0
209	0	0	0	0	0	0	0	0	0	0	0	0	0	0	0	0	0	0	0	0	0	0	0	0	0	0	0	78	0	25	0	0	17	0	0	0	0	0	0	0	0	0	0	0
210	0	0	0	0	0	0	0	0	16	35	0	0	0	0	0	0	0	0	29	0	0	60	0	0	0	0	0	0	0	0	42	0	0	0	0	0	0	0	0	0	214	0	20	0
211	0	0	0	0	0	0	0	0	0	19	0	0	0	0	0	0	0	0	0	0	0	0	0	0	0	0	0	0	0	0	0	0	0	0	0	0	0	255	0	0	490	0	0	0
212	0	19	0	0	0	0	0	0	0	10	0	0	0	0	0	0	0	0	0	0	0	0	0	0	0	0	0	0	0	94	0	0	0	0	0	0	0	0	0	0	18	0	0	0
213	0	0	0	0	0	0	0	0	0	0	0	0	0	0	0	0	0	0	0	0	0	102	0	0	0	0	0	78	0	0	0	46	0	0	0	0	0	0	0	0	115	0	0	0
214	0	0	578	0	0	0	0	0	0	0	0	0	0	0	0	0	47	0	0	0	0	139	0	148	0	0	0	103	0	0	100	0	0	0	0	0	0	0	0	49	115	0	0	0
215	0	0	0	0	0	0	0	0	0	0	0	0	0	0	0	0	0	0	0	0	0	0	0	0	0	0	0	0	0	96	0	0	0	0	0	0	0	0	0	47	0	0	43	0
216	0	0	0	0	0	0	0	0	0	0	0	0	0	0	0	0	0	0	0	0	0	10	0	0	0	0	0	0	0	0	0	0	0	0	0	0	0	0	0	0	116	0	0	0
217	26	204	75	0	0	0	0	0	0	46	0	0	10	0	0	20	0	0	0	52	19	113	0	0	0	22	14	26	38	59	23	27	120	0	0	0	38	0	0	138	78	0	0	0
218	0	0	33	0	0	0	0	0	0	0	0	0	0	0	0	0	0	0	0	0	0	0	0	0	0	0	12	0	0	0	0	0	37	0	0	0	0	0	0	0	9	0	25	0
219	0	0	0	0	0	0	0	0	0	0	0	0	0	0	0	0	0	0	0	0	0	0	0	0	0	0	0	115	0	0	11	0	33	0	0	0	0	0	0	0	0	0	0	0
220	0	0	0	0	0	0	0	0	0	0	0	0	0	0	0	0	0	0	0	0	0	0	0	0	0	0	0	64	0	0	0	0	41	0	0	0	0	0	0	0	0	0	0	0
221	0	0	0	0	0	0	0	0	26	37	0	0	0	0	0	0	0	0	0	14	0	26	0	0	9	0	204	0	0	97	29	15	64	15	0	0	0	73	17	0	78	16	30	0
222	0	8	22	0	0	0	7	0	0	10	0	2	6	0	0	0	0	15	0	0	0	2	0	1	0	0	0	3	1	0	47	1	10	16	0	0	0	0	0	8	21	0	0	0
223	0	57	0	0	0	0	0	0	0	0	17	0	0	0	0	0	0	0	0	0	0	29	0	0	0	0	0	51	0	31	0	0	323	0	0	0	0	0	0	0	14	0	0	0
224	0	0	49	0	0	0	0	0	0	0	0	89	0	0	0	0	0	0	0	0	0	0	5	0	0	0	0	0	28	54	0	0	72	0	0	0	0	0	0	0	124	0	0	0
225	0	0	0	0	0	0	0	0	0	0	0	0	0	0	0	0	0	0	0	0	0	0	0	0	0	0	0	0	0	0	0	0	0	0	237	0	0	0	0	0	0	0	0	0
226	0	0	25	0	0	0	0	0	0	0	0	0	0	0	0	0	0	0	0	0	0	0	0	0	0	0	0	12	0	0	0	149	0	0	0	0	0	0	0	0	0	39	0	0
227	0	0	0	0	0	0	0	0	0	0	0	0	0	0	0	0	0	0	0	0	0	101	0	0	0	0	0	0	0	0	0	0	0	0	0	0	0	0	0	0	70	0	0	0
228	0	0	10	0	0	64	0	0	0	0	0	0	0	0	0	104	0	0	0	0	0	0	0	0	0	0	0	0	0	0	0	0	0	0	0	0	0	0	0	19	0	12	0	0
229	0	0	37	0	10	81	0	0	0	87	0	0	0	0	0	48	52	0	0	66	0	0	0	0	41	69	0	0	41	141	0	0	0	0	0	0	0	0	0	0	64	0	117	0
230	0	0	0	0	0	0	0	0	0	0	0	0	0	0	0	0	0	0	0	0	0	0	0	0	0	0	0	0	212	0	0	0	0	0	0	0	0	0	0	0	0	0	0	0
231	0	0	30	0	0	14	0	0	0	37	0	0	0	0	0	0	0	0	32	57	0	74	0	0	0	30	80	0	84	0	0	47	99	0	0	0	0	53	0	22	656	0	0	0
232	0	0	0	0	0	0	0	0	0	0	73	0	67	0	0	0	0	31	0	29	0	28	0	0	0	0	0	0	34	0	0	0	0	0	0	0	0	0	0	0	0	0	0	0
233	0	0	0	0	0	0	0	0	0	0	0	0	0	0	0	0	0	0	0	20	0	0	0	0	0	0	0	85	0	0	0	0	104	0	0	0	0	0	0	0	0	0	0	0
234	0	0	0	0	0	0	0	0	0	0	0	0	0	0	0	0	0	0	0	0	0	0	0	0	0	0	0	0	0	0	0	0	0	0	0	0	0	0	0	0	109	0	0	0
235	0	0	0	0	0	0	0	0	0	0	0	0	0	0	0	0	0	0	54	0	0	0	0	0	0	16	0	0	0	0	0	0	0	0	0	0	0	0	0	0	360	0	0	0
236	0	0	0	0	0	0	0	0	0	0	0	0	0	0	0	0	0	0	0	0	0	0	0	0	0	0	0	0	0	0	0	0	0	0	5034	0	0	0	0	0	29	0	0	0
237	0	0	0	0	0	0	0	0	0	0	0	0	0	0	0	0	0	0	0	0	0	0	0	0	0	0	0	0	0	0	0	0	105	0	0	0	0	0	0	0	9	0	0	0
238	0	15	0	0	0	0	0	0	0	28	0	0	0	0	0	0	0	0	8	0	0	38	0	0	0	0	0	0	0	0	0	0	30	0	0	0	0	0	0	18	54	0	14	0
239	0	0	0	0	0	0	0	0	0	0	0	0	0	0	0	0	0	0	0	0	0	0	0	0	0	0	0	0	0	0	0	0	0	0	0	0	0	0	0	0	431	0	0	0
240	0	0	0	0	0	0	0	0	0	0	0	0	0	0	0	0	0	0	0	0	0	0	0	0	0	0	106	0	0	0	0	0	0	0	0	0	0	0	0	0	0	0	0	0
241	0	0	0	0	0	0	0	0	0	0	0	0	0	0	0	0	0	0	0	0	0	0	0	0	0	0	0	0	0	0	0	0	101	0	0	0	0	0	0	0	0	0	0	0
242	0	1128	327	13	0	0	14	0	0	923	0	0	0	0	0	0	0	0	0	186	27	89	0	53	0	0	40	95	700	251	0	389	1068	0	0	0	0	253	0	68	162	0	0	0
243	0	0	0	0	0	0	0	0	0	0	0	0	0	0	0	0	0	0	0	0	0	0	0	0	0	0	0	0	0	0	0	0	0	0	0	0	0	0	0	0	128	0	0	0
244	0	0	40	0	0	0	0	0	0	0	0	0	0	0	0	0	0	0	0	0	0	19	0	0	0	0	0	0	0	0	18	0	0	0	0	0	0	0	0	0	230	0	0	0
245	0	60	21	0	0	0	0	0	4	16	0	10	0	0	0	11	0	0	8	20	0	0	16	0	0	0	0	0	9	15	0	0	0	0	0	0	0	0	1	18	14	17	16	0
246	0	0	11	0	0	29	0	0	67	3	34	0	0	0	0	0	30	0	0	14	0	9	0	0	0	25	1	11	0	0	0	11	89	0	0	0	0	0	12	20	17	0	14	0
247	11	25	147	0	0	62	0	0	70	110	49	95	0	0	0	27	21	0	22	97	68	194	94	35	0	0	289	114	16	132	62	106	191	46	0	36	0	688	64	32	266	33	94	0
248	0	0	0	0	0	0	0	0	0	0	0	0	0	0	0	0	0	0	0	0	0	0	0	0	0	0	0	0	0	165	0	26	33	0	0	0	0	0	0	0	24	0	0	32
249	0	0	0	0	0	0	0	0	0	0	0	0	0	0	0	0	0	0	0	0	0	0	0	0	32	22	0	0	0	0	0	0	80	0	0	0	0	0	0	0	0	0	0	0
250	32	456	19	0	0	0	0	0	0	45	0	0	0	0	0	0	0	13	0	0	0	151	0	0	0	0	16	97	139	0	0	47	371	0	0	0	11	12	0	63	61	0	19	0
251	0	71	0	0	0	0	0	0	0	0	48	37	0	0	0	0	0	0	0	0	0	0	0	0	0	0	0	24	22	0	0	0	55	0	0	0	0	0	0	0	30	0	0	0
252	0	33	16	0	0	21	0	0	0	13	0	0	0	0	0	0	0	0	12	0	0	33	0	0	0	17	0	0	14	0	17	0	55	0	0	0	0	0	0	27	21	0	0	0
253	0	0	0	0	0	0	0	0	0	0	0	0	0	0	0	0	0	0	0	0	0	0	0	0	0	0	0	284	0	0	0	0	0	0	0	0	0	0	0	0	0	0	0	0
254	0	0	0	0	0	0	0	0	0	0	0	0	0	0	0	0	0	0	0	0	0	14	0	0	0	0	0	208	0	0	0	0	0	0	0	0	0	0	0	0	0	0	0	0
255	0	0	0	0	0	0	0	0	0	0	0	0	0	0	0	0	0	0	0	0	0	0	0	0	0	0	0	0	0	0	0	0	29	0	0	0	0	0	0	125	0	0	0	0
256	0	0	0	0	0	0	0	0	0	0	0	0	0	0	0	0	0	0	0	0	0	102	0	0	0	110	0	0	0	0	0	0	0	0	0	0	0	0	0	0	133	0	0	0
257	0	0	0	0	0	0	0	0	0	0	0	0	0	0	0	0	0	0	0	0	0	0	0	0	0	0	0	100	0	0	0	0	0	0	0	0	0	0	0	0	63	0	0	0
258	0	29	0	0	0	35	0	0	37	55	0	24	0	0	0	35	47	0	27	0	0	61	46	27	0	0	0	43	0	178	0	24	68	0	0	0	0	0	0	32	81	0	53	0
259	0	0	126	0	0	0	0	0	0	35	0	0	0	0	0	0	0	33	0	0	0	22	0	0	0	0	0	0	7	12	0	0	0	0	0	0	0	0	16	0	66	0	0	0
260	0	0	43	0	0	0	0	0	0	0	0	0	0	0	0	0	0	0	0	0	0	0	0	0	0	0	0	43	0	0	0	0	13	0	0	0	0	46	0	0	0	0	0	0
261	0	0	0	0	0	0	0	0	0	16	0	0	0	0	0	0	0	0	0	0	0	20	0	15	0	0	20	0	0	0	0	0	4	0	0	0	0	31	0	0	1	0	0	0
262	0	11	32	0	0	0	0	0	0	18	25	5	0	0	0	0	0	0	0	17	0	331	0	23	0	36	371	352	50	0	26	269	69	0	0	0	0	153	0	42	129	0	0	0
263	0	0	0	0	0	0	0	0	0	0	0	0	0	0	0	0	0	0	0	0	0	0	0	0	0	0	0	410	0	0	0	0	0	0	0	0	0	0	0	0	0	0	0	0
264	0	7	8	0	0	18	0	0	21	29	0	36	0	0	0	0	0	0	0	0	0	14	20	0	0	0	0	21	0	41	0	0	0	0	0	0	0	0	0	0	16	0	13	0
265	0	0	0	0	0	0	0	0	0	0	0	0	0	0	0	0	0	0	0	0	0	0	0	0	0	0	0	0	0	0	0	0	81	11	0	0	0	0	0	0	0	0	0	19
266	0	0	0	0	0	0	0	0	0	0	0	0	0	0	0	0	0	0	0	0	0	0	0	12	0	0	0	92	0	0	0	26	0	0	0	0	0	0	0	0	0	0	0	0
267	0	0	259	0	0	0	0	0	0	243	74	51	0	0	0	0	0	38	0	0	0	119	0	38	0	110	87	712	46	87	0	0	272	0	0	0	0	39	117	67	479	0	0	0
268	0	0	27	0	0	0	0	0	0	0	0	0	0	0	0	0	0	39	0	0	0	34	0	18	0	0	0	0	10	0	38	33	0	0	0	0	0	0	0	38	242	0	26	0
269	0	49	80	0	0	0	0	0	0	0	28	0	0	0	0	0	0	0	0	0	0	133	0	0	0	0	0	0	0	0	39	0	0	0	0	0	0	0	0	30	0	0	0	0
270	0	0	38	0	0	0	0	0	0	0	0	0	0	0	0	23	40	0	0	0	28	0	0	0	0	75	0	49	0	35	0	27	0	0	0	0	0	0	0	112	65	0	34	18
271	0	0	65	0	22	32	0	0	0	0	48	12	0	0	0	25	0	0	0	0	0	0	0	15	0	77	392	33	110	26	0	0	0	0	0	0	0	15	43	11	166	0	22	0
272	0	0	0	0	0	0	24	0	0	0	0	0	0	0	0	0	0	0	0	0	0	0	0	0	0	0	0	0	144	0	0	0	0	0	0	0	0	0	0	0	539	0	0	0
273	0	27	0	0	0	0	0	0	0	13	0	0	0	0	0	14	0	0	0	0	0	0	0	23	0	0	0	0	16	21	0	0	321	0	0	0	0	0	3	18	0	0	21	0
274	0	0	0	0	0	12	0	0	0	0	0	6	0	0	0	0	0	0	0	7	0	20	0	0	0	0	0	9	0	11	0	15	0	0	0	0	0	0	0	0	188	0	17	29
275	0	0	0	0	0	0	0	0	0	0	0	0	0	0	0	0	14	0	0	0	0	0	0	0	0	0	0	0	0	48	0	0	25	0	0	0	0	0	0	26	0	0	0	0
276	0	152	0	72	0	0	0	0	0	0	0	0	0	0	0	0	0	0	0	0	0	0	0	0	0	0	0	0	0	81	0	30	0	0	0	0	0	0	0	0	0	0	0	32
277	0	0	86	0	0	0	0	0	0	0	28	0	0	0	0	0	11	29	0	0	0	39	0	0	0	0	0	180	37	65	45	196	0	0	0	0	0	0	14	72	74	0	19	0
278	0	30	0	0	0	0	0	0	0	0	0	0	0	0	0	0	0	0	0	0	0	29	0	0	0	0	0	0	0	0	0	0	47	0	0	0	0	0	0	33	21	0	0	0
279	0	0	0	0	0	0	0	0	0	0	0	0	0	0	0	0	0	0	0	0	0	0	0	0	0	0	0	1131	0	0	0	0	0	0	0	0	0	0	0	0	0	0	0	0
280	0	0	88	0	0	0	0	0	0	51	0	44	0	0	0	44	0	0	0	53	0	186	27	0	0	90	383	88	23	0	0	51	187	24	0	0	0	90	21	142	223	0	0	0
281	0	0	0	0	0	0	0	0	0	0	0	0	0	0	0	0	0	0	0	0	0	0	0	0	0	0	0	0	0	18	0	19	44	0	0	0	0	0	0	0	28	0	0	0
282	0	0	49	0	0	0	0	0	0	0	0	0	0	0	0	0	0	47	0	0	0	0	0	0	0	0	0	0	10	0	0	0	0	0	0	0	0	0	0	0	111	0	29	0
283	0	0	197	0	0	0	0	0	0	0	0	0	0	0	0	0	0	0	0	0	0	0	0	38	0	0	0	0	0	0	158	0	0	0	0	0	0	0	0	19	160	0	36	0
284	0	3	0	0	0	0	0	0	0	0	0	0	0	0	0	0	0	0	0	0	0	0	0	0	0	0	0	17	78	0	6	0	0	0	0	0	1	0	0	0	0	0	0	0
285	28	0	0	0	0	0	0	0	0	0	0	0	0	0	0	0	0	0	0	0	0	0	0	0	0	0	0	0	0	155	0	0	54	0	0	0	0	0	0	0	0	0	0	0
286	0	0	44	0	0	0	0	0	0	30	0	0	0	0	0	0	0	0	0	0	0	0	0	0	0	0	75	0	16	74	0	0	0	0	0	0	0	0	0	0	59	0	0	0
287	29	253	147	0	60	19	39	42	0	104	0	0	47	0	0	68	45	66	71	53	38	130	0	0	82	128	633	69	182	43	185	98	312	0	0	0	46	50	0	357	304	0	126	0
288	0	0	0	0	0	0	0	0	0	0	0	0	0	0	0	0	0	0	0	0	0	0	0	0	0	0	0	0	461	0	0	0	23	0	0	0	0	0	0	0	0	0	0	0
289	0	0	0	0	0	6	0	0	0	0	28	0	0	0	0	0	0	0	0	0	7	0	0	0	0	0	0	0	0	239	0	18	127	0	0	0	0	0	0	0	0	0	0	0
290	0	0	0	0	0	0	0	0	0	0	0	0	0	0	0	0	0	0	0	0	0	0	0	0	0	0	0	0	0	0	0	0	0	0	5241	0	0	0	0	0	0	0	0	0
291	0	0	423	0	0	0	42	0	0	91	123	120	0	59	0	0	107	0	0	0	0	0	119	79	0	0	929	90	83	132	0	166	0	48	0	0	0	212	130	67	231	0	0	0
292	0	0	0	0	0	0	0	0	0	32	0	0	0	0	0	0	0	0	0	0	0	0	0	0	0	0	12	0	0	37	0	0	78	0	0	0	0	0	0	0	28	0	0	0
293	0	0	0	0	0	0	0	0	0	0	0	0	0	0	0	0	0	0	0	0	0	0	0	0	0	0	0	266	49	0	0	0	0	0	0	0	0	0	0	0	0	0	0	0
294	0	0	0	0	0	0	0	0	0	0	0	0	0	0	0	0	0	0	0	0	0	0	0	0	0	0	0	0	0	62	0	28	18	0	0	0	0	0	0	0	0	0	0	0
295	0	132	0	0	0	0	0	0	0	0	0	0	0	0	0	0	0	0	0	0	0	0	0	0	0	0	0	0	0	0	0	0	0	0	0	0	0	0	0	0	0	0	0	0
296	0	0	0	15	0	0	0	0	0	0	0	0	0	0	0	0	0	0	0	0	0	0	0	0	0	152	0	0	54	0	0	0	0	0	0	0	0	0	0	0	60	0	0	0
297	0	0	0	0	0	0	0	0	0	0	0	0	0	0	0	0	0	0	0	0	0	0	0	0	0	0	112	0	0	0	0	0	0	0	0	0	0	0	0	0	0	0	0	0
298	0	0	0	0	0	0	0	0	0	0	0	0	0	0	0	0	0	0	0	0	0	0	0	0	0	0	0	0	0	0	0	0	0	0	0	0	0	0	0	0	106	0	0	0
299	0	0	0	0	0	0	0	0	0	8	0	0	0	0	0	0	0	0	0	0	0	0	0	0	0	0	0	0	0	23	0	59	110	0	0	0	0	0	0	0	9	28	0	0
300	0	0	0	0	0	0	0	0	0	14	0	0	0	0	0	0	0	0	0	0	0	0	0	0	0	0	0	0	0	108	0	0	0	0	0	0	0	0	0	0	16	0	0	0
301	0	0	0	0	0	0	0	0	0	0	0	0	0	0	0	0	0	0	11	0	0	0	0	0	0	0	0	0	0	0	0	175	0	0	0	0	0	0	0	0	219	0	0	0
302	0	0	0	0	0	0	0	0	0	0	0	0	0	0	0	0	0	0	0	0	0	0	0	0	0	0	0	0	0	53	0	0	41	0	0	0	0	0	21	0	128	0	0	0
303	0	0	0	0	0	0	0	0	0	0	0	91	0	0	0	0	0	0	0	0	0	0	0	0	0	0	0	0	16	0	0	0	0	0	0	0	0	0	0	0	0	0	0	0
304	0	14	23	0	0	0	0	0	0	0	0	0	0	402	0	0	0	0	4	0	0	0	0	0	0	0	0	0	18	36	0	7	61	9	0	0	0	0	11	35	0	0	0	0
305	0	0	0	0	0	0	0	0	0	0	0	0	0	101	0	44	0	0	12	0	0	0	0	0	0	0	0	0	0	0	0	0	0	0	0	0	0	0	0	0	0	0	4	0
306	0	0	0	0	0	0	0	0	0	0	0	0	127	0	0	0	0	0	0	0	0	0	0	0	0	0	0	0	0	0	0	0	0	0	0	0	0	0	0	0	0	0	0	0
307	0	0	0	0	0	0	0	22	0	0	0	0	158	0	0	0	0	0	0	0	0	0	0	0	0	0	0	0	0	0	0	0	0	0	0	0	524	5	0	0	0	0	0	0
308	0	0	29	0	0	0	0	0	0	0	0	0	0	0	0	0	0	0	3	0	0	0	0	0	0	0	0	8	0	0	0	0	51	0	0	0	22	0	0	92	0	0	0	0
309	0	0	0	0	0	0	0	0	0	0	0	0	6	0	0	0	0	9	0	24	0	0	0	0	23	16	0	0	0	0	0	0	0	0	0	0	9	0	0	0	5	32	0	0
310	3793	551	229	2933	1557	450	706	2441	61	43	8757	4382	1989	2697	6834	244	14753	2723	1469	2052	15770	17	597	1133	0	741	93	1535	1595	870	49	1949	151	71	4039	19	1389	1625	17128	192	94	4756	872	136
311	0	42	592	7	0	0	0	0	0	0	0	0	0	0	0	4	0	0	0	0	0	0	0	0	0	11	0	11	0	47	0	0	0	0	0	0	0	0	0	0	71	0	0	0
312	0	12	0	0	0	0	0	0	0	0	0	0	0	0	0	0	0	0	0	0	0	30	0	0	0	6	4555	2327	0	0	0	13	31	1270	0	41	0	0	0	0	0	0	0	0
313	0	0	0	82	0	0	2004	0	0	0	0	0	0	0	0	0	0	0	0	0	0	0	0	0	0	0	0	0	192	0	0	0	0	0	0	0	0	0	0	0	0	0	0	0
314	0	959	0	0	0	0	0	0	1601	295	1089	178	0	0	0	69	0	0	0	64	0	154	0	73	19	0	5232	5	0	171	0	0	0	158	1798	0	101	105	0	1116	0	0	16	2402
315	0	0	0	0	0	0	0	0	0	0	0	0	0	0	0	0	0	0	0	0	0	0	97	0	216	0	0	0	0	0	0	0	0	0	0	0	0	0	0	0	0	0	0	0
316	0	0	0	0	0	0	0	0	144	0	0	0	0	0	0	0	0	0	0	0	0	0	0	0	0	0	0	0	0	0	0	0	33	0	0	0	0	0	0	22	0	0	0	0
317	0	97	0	0	0	0	0	0	0	0	4	0	8	0	0	0	0	0	0	0	0	0	0	0	0	0	0	20	0	0	0	0	0	0	0	0	0	0	0	0	4	0	0	0
318	0	0	0	0	0	1348	0	0	0	0	0	0	0	0	0	0	0	0	0	0	0	0	15	0	0	0	0	0	0	0	0	0	0	0	0	0	0	0	0	0	0	0	0	0
319	0	27	15	0	0	0	0	5261	0	0	0	0	16	0	0	0	0	0	0	0	0	0	0	0	0	0	0	0	0	0	0	0	0	0	0	0	0	0	454	0	0	0	0	0
320	175	0	0	265	0	0	227	0	0	0	0	8	4563	0	0	0	0	0	0	0	0	0	0	0	0	0	0	0	138	0	0	0	0	0	0	0	0	0	0	0	0	0	0	0
321	0	0	2	0	0	0	0	0	0	0	0	0	0	0	0	0	0	0	0	0	0	0	0	0	3	0	0	0	0	0	0	0	0	0	0	0	0	0	0	0	130	0	0	0
322	0	0	0	630	0	2931	1004	187	0	231	0	0	0	0	0	3720	0	0	2077	0	0	1544	169	305	484	846	0	107	762	0	0	0	0	6705	0	2568	0	0	5167	378	259	4285	2056	5854
323	352	1370	3781	5030	7627	25963	6477	1477	3501	7893	323	23791	30	1961	26	24351	639	9046	23618	12918	6750	7955	598	22337	9081	9922	2899	4762	5515	30	83	5911	8593	11906	6313	4259	1710	27099	781	9084	17757	9000	27142	24055
324	0	0	0	0	0	0	0	0	0	0	0	0	0	0	0	0	0	0	0	0	0	0	0	0	0	0	0	1726	0	0	0	0	0	0	0	0	0	0	0	0	0	0	0	0
325	0	0	0	0	0	0	0	0	0	0	0	0	0	0	0	0	0	0	0	0	0	0	0	0	0	0	0	0	0	0	0	0	0	0	0	0	0	208	0	0	0	0	0	0
326	0	0	0	0	0	0	0	0	0	0	0	0	0	0	0	0	0	162	0	0	0	0	0	0	0	0	0	0	0	0	0	0	0	0	0	0	0	0	0	0	0	0	0	0
327	0	0	32	281	0	0	333	0	0	0	0	0	74	0	0	0	0	1428	0	0	0	0	0	0	168	0	0	38	0	0	0	0	0	0	0	0	687	0	0	0	0	0	15	0
328	0	0	0	0	0	47	0	0	0	287	0	0	0	0	0	0	0	6	0	0	0	0	0	0	0	0	0	0	0	0	0	0	13	0	0	0	34	0	0	0	0	0	0	0
329	0	0	0	0	0	0	0	0	0	0	0	0	0	0	0	0	0	0	0	0	0	0	0	0	0	0	0	0	0	0	0	0	348	0	0	0	0	0	0	0	0	0	0	0
330	121	9	12	52	3002	3	0	36	565	0	431	214	15	5	7	32	14	2595	509	0	4	5632	14	99	0	0	7	0	4146	0	0	1509	831	759	12	140	66	0	23	108	258	10	19	0
331	0	0	0	0	0	0	0	0	0	0	0	0	0	0	0	0	0	0	0	0	0	0	0	0	0	0	0	196	0	0	0	0	0	0	0	0	0	0	0	0	0	0	0	0
332	0	104	210	3	26	0	2	20	0	0	0	0	109	101	0	0	0	0	13	8	0	0	0	0	0	191	0	0	18	40	0	20	0	0	0	9	0	0	29	53	179	0	84	0
333	0	54	658	0	0	0	5	7	3	0	11	0	27	0	0	0	11	0	0	49	0	0	0	0	0	15	0	16	172	0	0	0	0	4	30	0	0	0	142	221	18	14	0	0
334	0	0	0	0	0	0	0	21	0	0	0	0	0	0	0	0	0	0	0	0	0	0	0	0	107	0	0	0	0	0	0	0	0	0	0	0	0	0	0	0	0	0	0	0
335	0	0	0	0	216	0	0	0	0	227	0	0	0	0	0	631	0	0	0	0	188	0	0	0	0	0	0	0	0	0	0	178	0	0	0	0	0	0	21	0	0	0	850	0
336	0	349	1755	0	0	0	0	0	0	0	0	0	0	62	0	0	0	0	0	0	0	0	0	0	62	0	0	0	0	0	0	0	0	0	0	0	0	0	0	0	0	0	58	0
337	0	0	0	0	0	0	0	0	0	0	0	0	0	0	0	0	0	0	0	0	0	0	0	0	173	0	0	0	0	0	0	0	0	0	0	0	0	0	0	0	0	0	0	0
338	14	276	106	0	51	209	8	87	0	0	158	0	1053	7	0	889	145	20	290	597	93	19	0	0	65	0	12	75	385	25	0	712	1745	22	0	10	23	385	5	2619	11	991	35	8
339	0	0	0	0	0	0	0	0	0	0	0	0	0	0	0	0	0	0	0	0	0	94	0	0	0	0	0	0	0	0	0	0	0	0	0	0	0	0	22	0	0	0	0	0
340	0	3	0	0	0	0	0	3	0	0	0	0	0	0	0	0	0	0	0	0	0	0	0	0	0	7	0	41	0	0	0	0	71	0	0	0	0	0	0	0	0	0	0	0
341	0	288	0	1193	0	1811	0	285	0	0	0	1101	399	40	0	431	0	9101	0	0	0	0	0	0	2340	0	0	0	60	0	0	0	0	124	0	346	419	0	0	1328	0	3531	0	62
342	0	0	4	0	0	17	0	0	0	0	0	0	0	0	0	0	0	0	0	0	0	0	0	0	0	0	0	0	0	0	0	0	0	0	0	0	0	0	0	128	0	0	0	0
343	0	0	219	0	0	0	0	0	2137	422	0	0	0	0	0	0	0	0	0	0	0	0	0	0	0	0	0	0	0	0	57	1681	1285	1279	0	173	0	221	22	0	0	0	0	0
344	0	40	0	0	0	0	0	0	0	0	0	0	1261	0	0	0	0	0	0	0	0	0	0	0	0	0	0	0	0	0	0	0	0	0	0	0	613	0	0	0	0	0	0	0
345	0	0	0	134	0	0	0	0	0	0	0	0	0	0	0	0	0	0	0	0	0	0	0	0	0	0	0	24	0	0	0	0	0	0	0	0	70	0	0	0	0	0	0	0
346	0	129	0	21	0	8	0	0	0	0	0	0	0	46	0	4	8	3	0	0	8	3	0	0	0	21	0	126	167	0	0	35	0	0	0	6	0	0	0	55	21	0	0	0
347	0	0	0	270	0	0	0	0	0	0	0	6	0	0	0	0	0	0	0	0	0	0	0	0	0	0	0	0	0	0	0	0	0	0	0	0	0	0	0	0	0	0	0	0
348	28	75	12	0	77	16	0	0	8	0	65	15	0	23	16	29	54	4	158	13	0	11	64	83	59	0	0	37	8	442	0	0	93	0	25	0	11	9	298	178	460	64	499	546
349	0	0	0	0	0	0	0	0	0	0	0	0	0	0	0	0	16	0	0	0	0	0	0	0	0	0	0	6	0	66	0	0	0	0	0	0	0	0	0	0	0	0	0	13
350	0	0	13	0	0	118	0	0	0	0	0	0	0	0	0	218	0	0	15	0	0	0	0	0	0	0	0	0	0	0	0	0	0	0	0	0	0	0	0	0	0	17	0	0
351	90	0	0	15	0	0	0	0	0	0	0	0	0	0	0	0	0	0	0	0	0	0	0	0	0	0	0	0	0	0	0	0	0	0	0	0	0	0	0	0	0	0	18	0
352	0	0	0	0	0	0	0	0	0	0	0	0	0	0	0	0	0	0	0	0	0	0	0	0	0	0	0	0	0	0	0	0	171	0	0	0	0	0	0	0	0	0	0	0
353	0	42	0	0	0	0	0	0	0	0	0	0	0	0	0	300	0	14	0	0	0	0	0	0	93	0	0	0	0	0	0	0	46	0	19	0	0	0	1452	229	0	8	0	0
354	0	36	0	0	0	0	255	7	0	0	0	7	0	0	0	73	0	0	10	0	0	0	0	0	0	0	0	0	0	0	0	0	0	0	0	13	281	0	0	0	0	0	0	0
355	0	47	0	0	0	100	0	0	0	0	0	0	0	0	0	0	0	99	0	0	0	0	0	0	0	0	0	0	0	76	0	0	0	0	0	0	5	0	0	0	9	0	4	0
356	0	0	0	0	0	0	0	0	0	0	0	0	78	0	0	0	0	0	0	0	0	0	0	0	0	7	0	0	0	0	0	8	66	0	0	0	0	0	0	0	0	3	0	0
357	0	0	0	2157	0	9	2746	0	0	0	0	0	0	0	1214	70	0	0	0	0	0	25	0	0	104	0	0	957	40	56	0	4057	122	51	0	0	8089	43	0	12	12	0	11	12
358	0	0	0	0	0	0	0	0	0	0	0	0	0	0	0	0	0	0	0	2896	0	0	0	0	0	0	0	0	0	0	0	0	0	0	0	0	0	0	0	0	0	0	0	0
359	1518	0	0	0	0	0	0	365	0	0	0	0	16	0	0	0	0	367	0	0	0	0	0	0	0	0	0	0	125	0	0	0	0	0	0	0	0	0	0	145	0	0	0	0
360	5	0	0	0	0	0	0	0	23	0	0	0	0	0	0	0	0	0	0	0	0	0	0	0	0	0	0	0	0	0	0	0	0	0	0	0	0	0	0	0	0	48	0	163
361	0	0	0	0	0	0	0	0	0	0	0	0	0	0	0	66	0	0	219	0	0	0	0	0	0	0	0	793	0	0	0	0	0	0	0	0	0	1614	0	0	73	0	0	0
362	0	0	0	0	0	0	0	0	0	0	0	0	0	0	0	0	0	0	0	0	0	0	0	0	0	104	0	0	0	0	0	0	0	0	0	0	0	0	0	0	0	0	0	0
363	0	0	0	0	0	0	0	0	0	0	0	0	0	0	0	0	0	0	0	0	0	0	0	0	0	0	0	0	0	0	0	0	0	0	0	0	1971	0	0	0	0	0	0	0
364	0	0	0	0	0	0	0	0	0	0	0	19	0	0	0	0	0	0	0	0	0	0	0	0	0	0	6	0	0	0	0	0	0	0	0	0	0	0	586	0	0	0	0	0
365	0	0	0	0	0	0	0	0	0	0	0	0	0	0	0	0	0	0	0	0	0	0	0	0	0	0	0	0	0	0	0	0	0	0	10411	0	0	0	0	0	0	0	0	0
366	0	0	0	0	0	0	0	0	0	0	0	0	0	0	0	715	0	0	0	0	0	0	0	0	0	0	0	0	0	0	0	0	0	0	0	0	0	0	0	0	0	0	0	0
367	0	163	81	103	0	0	0	67	0	8	23	0	0	0	461	6	0	0	8	0	0	9	0	0	0	0	0	10	19	65	0	147	0	226	0	22	0	5	702	197	0	0	6	0
368	0	0	0	0	0	0	0	0	0	0	0	0	0	0	0	0	305	0	0	0	0	0	0	0	0	0	0	0	0	0	0	0	0	0	0	0	0	0	0	0	0	0	0	0
369	0	0	0	0	0	0	0	252	0	0	0	0	0	0	0	0	0	0	0	0	0	0	0	0	0	0	0	0	0	0	0	0	0	0	0	0	0	0	0	0	0	0	0	0
370	339	0	63	336	0	0	6055	0	1094	0	2250	1002	0	0	212	239	0	0	108	1406	66	0	13869	276	50	5333	0	0	708	833	0	0	0	0	0	3096	1454	0	0	1133	22	1667	1595	5903
371	0	0	0	0	0	0	267	0	0	0	618	0	0	0	0	0	0	0	0	0	0	0	0	0	0	0	683	0	0	0	0	0	0	0	0	0	0	0	0	0	0	0	0	0
372	0	0	0	0	0	0	0	0	0	0	0	0	13	0	0	0	0	0	0	0	0	0	0	0	0	0	0	2	0	188	0	0	0	0	0	0	0	0	0	0	0	0	0	0
373	0	25	8	11	0	0	5	0	0	6	0	0	81	0	0	25	7	15	21	0	0	0	0	0	3	0	0	5	0	14	0	0	0	0	0	0	0	0	0	0	84	0	0	0
374	0	0	0	0	0	0	0	0	0	0	0	0	0	0	0	0	0	0	0	0	0	0	0	0	0	0	0	0	0	0	0	6	5	0	0	0	0	0	0	78	0	8	0	21
375	0	0	0	0	0	0	0	0	0	0	0	0	0	0	0	0	0	0	0	0	0	0	0	0	0	0	0	0	0	0	0	0	0	0	0	0	1696	0	0	0	0	0	0	0
376	0	0	0	0	0	0	0	0	0	0	0	0	0	55	0	10	0	0	0	0	0	0	0	0	0	0	0	13	0	0	0	0	0	0	0	0	0	0	0	1609	0	0	0	0
377	0	0	0	0	0	13	0	0	0	0	0	0	0	0	0	0	0	0	70	0	0	0	0	0	0	0	0	0	0	0	0	0	35	0	0	0	0	0	0	0	0	0	0	0
378	0	0	0	0	0	0	0	0	0	0	0	0	0	0	0	0	0	0	0	0	127	0	4172	0	0	0	0	0	0	0	0	0	0	0	0	0	0	0	0	0	0	0	0	0
379	0	0	0	0	0	0	0	0	0	2	0	0	0	0	0	0	0	6531	0	0	0	0	0	0	0	0	0	0	0	0	0	0	0	0	0	0	0	0	0	0	0	0	0	0
380	0	158	30	0	0	0	7	0	0	0	0	0	0	0	0	0	0	0	0	0	0	0	0	43	0	142	0	0	16	0	0	22	0	0	3	0	0	0	0	17	39	5	0	0
381	0	0	0	0	0	0	0	0	0	0	0	0	0	0	0	0	0	0	0	0	0	0	0	0	0	0	0	5	13	0	0	7	0	4	0	0	1502	0	0	0	0	0	0	0
382	0	8	0	0	0	0	4	0	0	0	0	0	27	0	0	0	0	0	0	0	0	0	0	0	0	0	0	0	0	0	0	6	0	0	0	0	0	0	0	0	63	0	0	0
383	0	3	0	0	0	0	0	0	0	0	0	0	0	0	0	0	0	0	0	0	0	0	0	0	0	77	0	0	138	14	0	0	0	0	0	0	0	0	0	0	0	0	0	0
384	0	0	0	0	0	0	0	0	0	0	0	0	0	0	610	0	0	0	26	0	0	0	0	0	0	0	0	0	0	0	0	0	0	0	62	0	0	0	0	0	0	0	0	0
385	0	0	0	0	0	0	0	0	0	0	0	0	0	0	0	0	0	0	0	0	0	0	0	0	0	0	0	0	0	344	0	0	0	0	0	0	0	0	0	12	0	0	0	0
386	0	0	0	0	0	0	0	0	4	0	0	0	0	0	0	0	0	0	0	0	0	8	0	0	0	0	0	0	0	16	0	0	208	0	0	0	0	0	0	0	18	0	0	0
387	1229	6	0	0	0	0	0	0	0	0	0	0	0	0	0	0	0	0	0	0	0	0	0	0	753	0	0	0	0	0	0	0	0	0	0	0	0	0	0	0	0	0	0	0
388	0	0	0	0	0	0	0	0	8	0	9	0	0	0	0	0	0	6	0	0	0	12	0	0	22	8	0	0	0	0	0	0	0	159	0	0	0	0	0	0	12	0	0	0
389	0	69	0	0	17	0	0	0	0	0	0	131	0	35	0	0	0	4	26	0	0	0	19	9	14	18	0	12	24	345	0	0	0	0	82	0	0	0	304	325	299	7	0	11
390	0	0	0	0	0	0	3	0	0	0	193	0	0	0	0	0	0	0	0	0	0	0	0	0	0	0	0	0	0	0	0	5	0	0	0	0	0	0	0	0	0	0	0	0
391	0	28	14	0	0	39	0	0	0	0	0	3	0	0	0	0	0	0	8	0	0	8	6	8	0	0	0	248	0	0	0	0	68	0	11	0	6	0	0	95	68	0	0	0
392	0	0	0	0	0	0	0	0	8	0	0	0	0	0	0	0	0	0	0	0	0	0	0	0	0	0	0	0	0	0	0	0	165	0	0	0	0	0	0	0	26	0	0	0
393	0	0	0	0	0	0	0	0	0	0	0	0	0	0	0	0	0	0	0	0	0	0	0	0	0	0	0	2023	0	0	0	0	0	0	0	0	0	0	0	0	0	0	0	0
394	0	0	0	0	0	0	0	0	0	0	0	0	0	0	0	0	0	0	0	0	0	0	0	0	23	0	0	0	0	0	0	0	94	0	0	0	0	0	0	0	0	0	0	0
395	0	0	0	0	0	0	0	0	0	0	0	0	0	0	0	0	0	0	0	0	0	0	0	0	0	0	0	0	0	0	0	0	0	0	0	0	0	389	0	0	0	0	0	0
396	0	0	344	0	0	0	0	0	0	0	0	0	0	217	0	0	0	0	0	0	0	0	0	0	0	0	0	0	0	0	0	0	27	0	0	0	0	0	0	14	0	0	0	0
397	0	45	0	0	0	0	0	0	0	0	25	0	0	0	0	0	0	0	0	0	0	0	0	0	0	0	0	14	27	0	0	0	39	0	6	0	0	0	0	9	13	0	0	0
398	1693	0	0	0	82	0	0	0	0	0	0	0	165	27	0	0	0	89	36	0	0	0	0	0	2701	0	0	0	28	0	0	0	0	0	13	0	0	0	0	0	0	0	0	0
399	0	0	0	0	0	0	0	0	0	0	112	0	0	0	0	0	0	0	0	0	0	0	0	0	0	0	0	0	0	0	0	0	0	0	0	0	0	0	0	0	0	0	0	0
400	0	0	0	0	10	4	3	0	0	0	0	6	0	0	0	0	0	0	40	0	22	0	0	11	0	0	0	0	0	0	0	0	0	0	0	0	0	0	9	0	13	0	0	0
401	51	310	848	1256	1032	2860	102	56	6867	53	837	386	6227	16	236	934	270	2073	1904	2814	0	14151	771	56	1075	256	27	1994	3344	159	0	23	0	961	245	10317	253	70	1268	599	9224	66	772	0
402	0	0	0	0	0	0	0	0	0	5	0	0	0	0	0	0	0	0	0	0	0	0	0	0	0	0	0	73	0	117	0	8	332	0	0	0	0	0	0	0	0	0	0	0
403	0	0	0	451	0	0	377	0	0	0	0	0	82	0	10233	0	0	0	0	0	0	0	0	0	0	0	28	0	0	0	0	0	0	0	0	10604	554	0	0	0	0	0	0	0
404	0	0	0	0	0	0	13	0	0	0	0	0	105	0	0	0	0	0	0	0	22	0	0	0	0	0	0	0	0	0	0	0	0	0	0	0	0	132	0	0	0	0	0	0
405	0	13	0	0	0	0	0	0	0	0	0	0	0	0	0	0	0	0	0	0	0	0	0	0	0	0	0	70	0	14	0	0	7	0	0	0	0	0	0	0	0	0	0	0
406	0	0	0	0	0	0	0	0	0	0	0	410	0	0	0	0	0	0	0	0	0	0	0	0	0	0	0	0	0	0	0	0	0	0	1772	0	0	0	0	0	0	0	0	2573
407	0	34	7	0	0	0	0	0	0	0	0	0	21	0	0	0	0	0	0	0	0	0	0	0	0	0	0	69	0	0	0	0	151	0	0	0	0	0	0	0	0	0	0	0
408	0	49	0	0	0	0	0	0	0	0	0	70	0	0	68	0	0	0	0	0	18	0	0	0	0	5	0	0	0	0	0	0	0	0	0	0	0	0	0	0	0	0	0	0
409	0	0	0	0	0	0	0	0	0	848	0	0	0	0	0	0	0	0	0	0	0	0	0	0	0	0	0	0	0	0	0	0	0	0	0	0	0	0	0	0	0	0	0	0
410	0	0	0	0	0	0	0	0	0	7815	0	0	0	0	2232	0	0	0	0	0	0	0	0	0	0	0	0	0	0	0	0	0	0	0	0	0	0	0	0	0	0	0	0	0
411	0	0	0	32	0	0	0	0	0	0	0	0	0	0	204	0	0	0	0	0	0	0	0	0	0	0	0	0	0	0	0	9	361	0	0	0	0	0	0	0	0	0	0	0
412	589	209	431	114	0	0	0	0	0	0	0	1056	835	0	2813	437	285	508	1920	64	0	0	0	0	633	708	0	0	67	396	0	0	0	0	95	0	101	0	74	149	131	0	0	68
413	0	11	0	0	0	0	0	2	0	0	0	0	3	0	0	0	0	0	0	0	0	0	0	0	0	0	0	0	557	0	0	0	0	0	0	0	0	0	0	0	0	0	0	0
414	0	0	0	0	0	0	48	0	0	0	0	0	0	0	0	0	0	51	0	0	0	0	0	0	0	226	0	0	0	0	0	0	0	0	0	0	0	0	0	0	0	0	0	0
415	0	0	0	1991	2992	0	0	68	0	0	0	0	2699	0	0	0	0	0	0	0	0	0	0	0	0	0	0	0	0	0	0	0	0	0	0	0	0	0	0	0	0	0	0	0
416	0	0	0	0	0	0	0	0	0	0	0	0	0	0	0	0	0	0	0	0	0	0	0	0	0	0	0	0	0	0	0	0	220	0	0	0	0	0	0	0	0	0	0	0
417	0	0	114	10612	0	0	0	0	0	4433	0	0	0	0	0	0	0	0	5	583	0	0	0	0	0	0	0	0	0	0	0	0	0	0	0	0	0	0	0	0	0	0	0	0
418	0	0	0	0	0	0	0	0	0	0	0	0	0	8335	0	0	0	0	0	0	0	0	0	0	0	0	0	0	0	0	0	0	0	0	0	0	0	0	0	0	0	0	0	0
419	0	0	0	0	0	0	0	0	0	0	0	0	0	0	0	0	0	0	0	0	0	0	0	0	0	0	0	0	0	0	0	0	1585	0	0	0	0	0	0	0	0	29	0	0
420	0	0	0	0	0	0	0	0	0	0	0	0	0	0	0	0	0	0	0	0	0	0	0	0	4	0	0	0	0	85	0	0	303	14	0	0	0	0	0	0	0	0	0	0
421	0	0	0	0	0	0	0	0	0	0	0	0	0	0	0	0	0	0	0	0	0	0	0	0	0	0	937	0	0	0	0	0	0	0	0	108	0	0	0	0	0	0	0	0
422	0	808	0	0	0	0	0	0	0	0	0	0	0	0	0	0	0	0	0	12	0	0	0	0	0	0	0	0	29	0	0	0	0	0	0	0	0	0	0	15	29	7	0	0
423	0	725	0	0	0	0	0	0	0	0	0	0	0	0	0	0	0	0	0	0	0	0	0	0	0	0	0	0	0	0	0	0	0	0	0	0	0	0	0	0	0	0	0	0
424	0	0	0	0	0	0	0	0	0	0	0	0	0	0	0	0	3163	1246	0	0	0	0	0	0	0	0	0	0	0	0	0	0	0	0	0	0	0	0	0	0	0	0	0	0
425	0	0	0	0	0	0	0	0	0	0	0	0	0	1159	0	0	0	0	0	0	0	0	0	0	0	0	0	0	0	0	0	0	0	0	0	0	0	0	0	0	0	0	0	0
426	0	0	0	0	0	9	0	0	0	0	0	0	0	0	0	17	0	0	0	0	0	182	0	0	0	0	0	0	0	0	0	0	0	0	0	0	0	0	0	0	0	0	0	0
427	0	0	0	0	0	0	0	0	0	0	0	0	0	0	0	0	0	0	0	0	0	0	0	0	0	0	0	133	0	0	0	0	0	0	0	0	0	0	0	0	0	0	0	0
428	14	0	0	0	0	0	0	0	0	0	0	0	0	31	0	0	0	0	0	0	0	0	0	0	0	359	0	0	6	0	0	0	0	0	0	0	0	0	0	0	0	0	0	0
429	0	0	0	0	0	0	0	0	0	0	0	0	0	0	0	0	0	0	0	232	0	0	0	0	0	0	0	0	0	0	0	0	0	0	0	0	0	0	0	0	0	0	0	0
430	0	0	0	0	1166	0	0	0	0	0	2013	1470	0	13912	2857	0	12	0	0	999	0	0	7362	634	0	0	0	0	1761	703	0	0	0	0	0	0	2142	0	148	0	0	0	0	0
431	0	0	0	0	0	0	0	0	0	0	0	0	0	0	0	0	0	0	0	0	0	0	0	0	0	0	0	0	0	0	0	0	0	0	0	0	0	0	0	0	0	0	0	0
432	5	0	0	0	115	0	0	0	0	0	0	0	56	0	0	0	0	0	0	0	0	0	0	0	0	0	0	0	0	0	0	0	0	0	0	0	0	0	0	0	0	0	0	0
433	0	65	8	0	0	4	0	0	0	0	0	0	1403	6	0	0	0	0	16	23	0	0	0	2	0	0	0	0	0	0	0	0	35	0	0	4	0	0	0	107	0	0	0	0
434	0	0	0	0	0	0	0	0	0	0	0	0	0	0	0	0	0	0	0	0	0	0	0	0	0	0	0	0	0	0	0	0	139	0	0	0	0	0	0	0	29	0	0	0
435	216	107	151	0	0	22	15	0	0	0	0	0	115	323	0	0	178	4	0	0	73	0	0	5	0	978	13	0	57	0	0	0	194	39	17	14	73	0	0	71	256	0	0	0
436	0	198	0	0	0	0	0	0	0	1434	0	0	0	0	0	0	0	0	0	0	0	27	0	136	19	11	0	0	0	0	0	79	0	0	0	7	0	0	0	0	0	0	9	0
437	0	0	0	0	0	0	0	0	0	0	10	0	0	0	0	0	0	0	0	0	0	0	0	0	0	0	0	42	0	0	0	0	104	0	0	0	0	0	0	0	0	0	0	0
438	0	537	41	14	0	0	0	220	0	0	0	0	43	14	0	0	0	0	0	150	0	0	228	0	0	14	0	0	73	0	0	0	0	0	0	0	0	0	113	92	94	0	0	0
439	0	0	0	0	0	0	0	0	0	0	0	0	0	0	0	0	0	0	0	0	0	0	0	0	0	0	0	18	0	0	0	0	0	0	0	470	0	871	0	0	0	0	0	0
440	0	0	0	0	0	0	0	0	0	0	10	0	0	0	0	0	0	0	0	0	0	0	0	0	0	0	0	10	246	141	0	0	0	0	0	0	0	0	0	0	0	0	0	0
441	0	617	83	0	0	0	35	0	0	0	33	0	573	107	0	6	0	0	0	307	0	8	0	0	513	0	0	18	339	49	0	16	354	0	139	20	0	0	61	159	1471	10	46	82
442	0	0	0	0	0	0	0	60	0	0	0	0	0	0	0	0	0	0	0	0	0	0	172	0	0	0	0	0	0	0	0	0	0	0	0	0	0	0	0	0	0	0	0	0
443	0	162	0	54	0	0	0	0	0	0	0	0	0	0	0	0	0	0	0	0	0	0	0	0	0	0	0	0	0	0	0	0	0	0	0	0	0	0	0	0	0	0	0	0
444	0	0	0	0	114	0	0	0	0	0	0	0	0	0	0	0	0	0	0	0	0	0	0	0	0	0	0	0	0	0	0	0	0	0	0	0	0	0	0	0	0	0	0	0
445	0	0	0	0	0	0	0	0	0	107	0	0	0	0	0	0	0	0	0	0	0	0	0	0	0	11	0	0	56	0	0	368	0	0	6	0	0	0	0	0	0	142	0	0
446	0	0	0	0	0	0	0	0	0	0	0	0	0	0	0	0	0	0	258	0	0	0	0	0	0	0	0	0	0	0	0	0	0	0	0	0	0	0	0	0	0	0	0	0
447	0	0	193	131	0	0	0	0	0	20	64	11	0	22	0	0	0	13	0	0	0	267	0	9	0	0	0	47	46	0	0	181	38	0	163	0	31	0	250	0	4521	18	0	6
448	0	0	0	0	0	0	0	0	0	0	0	0	0	0	0	0	0	0	0	0	0	0	0	0	0	0	0	0	0	0	0	0	0	0	0	0	0	138	0	0	0	0	0	0
449	0	3129	86	92	0	0	0	49	0	0	0	0	0	0	157	11	0	0	0	0	0	0	0	0	0	0	15	0	0	74	0	0	0	10	0	332	0	0	0	0	0	0	0	0
450	5543	0	1447	0	149	0	0	0	60	138	80	0	0	0	0	0	6811	0	4162	0	0	0	432	5	0	0	0	611	0	3707	68	39	193	0	67	0	0	144	102	0	2471	0	299	0
451	0	0	0	0	0	0	0	0	0	0	0	0	0	0	0	0	0	0	0	0	0	0	0	0	0	84	0	0	0	0	0	0	0	0	0	0	0	0	38	0	0	0	0	0
452	0	0	45	0	22	0	0	0	0	0	0	0	0	0	0	0	21	0	18	0	0	108	0	0	0	0	0	0	0	166	0	46	130	0	0	0	14	0	0	54	0	0	0	0
453	0	0	0	0	0	0	0	0	0	0	0	0	0	0	0	0	0	0	0	0	0	0	0	0	0	0	0	0	0	0	0	0	0	0	0	0	0	0	0	0	124	0	0	0
454	0	0	10	0	0	0	0	0	0	0	0	0	0	0	0	1462	0	0	25	0	0	0	0	0	0	0	0	0	0	0	0	0	0	0	0	0	0	0	0	0	14	0	0	0
455	0	0	0	0	0	0	0	0	0	0	0	0	0	0	0	0	0	0	0	0	0	0	0	0	0	0	0	0	0	0	0	211	0	0	0	0	204	0	0	0	0	0	0	0
456	0	0	197	0	0	0	0	0	0	1882	0	0	0	1473	0	0	0	0	0	1188	0	0	129	2475	0	0	0	0	146	0	0	1040	0	0	0	0	0	0	0	0	0	0	0	0
457	0	0	0	29	0	0	0	0	0	0	641	0	0	0	0	0	9	0	0	0	0	0	0	0	0	0	0	0	21	0	0	0	0	0	0	0	0	0	0	0	0	0	0	0
458	0	533	0	13	442	0	0	12	0	16	0	0	42	0	0	0	0	0	0	0	0	36	19	13	0	0	0	15	387	0	0	230	7	3	0	0	0	0	0	0	65	4	100	0
459	118	0	0	0	0	0	0	0	0	0	0	0	0	0	0	0	0	0	0	0	0	0	0	0	0	0	0	0	0	0	0	0	0	0	0	0	0	0	0	0	0	0	0	0
460	0	0	0	0	0	0	0	0	0	0	0	0	0	0	0	0	0	0	0	0	13	0	143	0	335	0	0	0	0	0	0	0	0	0	0	0	0	0	0	0	0	0	0	0
461	0	0	0	182	0	0	0	0	0	0	0	0	0	0	0	0	0	0	0	0	0	0	0	0	0	0	0	0	0	0	0	0	0	0	0	0	0	0	0	0	0	0	0	0
462	0	0	62	0	0	0	0	0	0	0	0	0	0	0	0	0	0	50	0	0	0	0	0	0	0	0	0	0	0	0	0	0	0	0	0	0	0	0	0	423	41	11	0	0
463	460	1242	15305	0	0	11	4300	77	0	0	0	0	0	0	0	0	0	0	10	0	0	0	0	0	2560	176	0	0	583	51	0	0	0	0	0	0	0	0	0	1007	625	0	19	0
464	1696	102	313	0	54	22	35	0	0	107	0	0	0	101	0	77	24	86	526	60	237	0	0	0	1198	0	24	14	0	86	0	0	0	8	0	0	0	13	0	0	5	19	56	0
465	0	0	4	0	0	123	0	0	0	51	0	0	0	0	0	15	0	0	0	0	0	0	0	0	0	0	0	35	0	0	0	0	0	0	0	0	0	0	0	0	97	0	0	0
466	0	0	0	0	0	0	0	0	0	2700	5	0	0	0	0	0	0	0	0	0	0	0	0	0	0	0	0	0	0	0	0	0	0	0	0	0	0	0	0	0	0	0	0	0
467	0	0	0	0	0	0	0	0	0	0	0	0	0	0	0	0	0	0	0	0	0	0	0	0	0	0	0	0	0	0	0	0	0	0	0	0	0	0	0	0	188	0	0	0
468	0	0	0	0	0	0	0	0	0	0	0	0	0	113	0	0	0	0	0	0	0	0	0	0	0	0	0	0	0	0	0	0	0	0	0	0	0	0	0	0	0	0	0	0
469	148	0	0	0	45	0	0	0	0	0	0	0	0	104	0	0	0	0	0	2481	0	0	0	0	850	0	0	0	0	24	0	0	0	0	0	0	0	0	0	627	0	0	0	0
470	0	0	0	7	0	2	0	0	0	0	0	0	420	0	0	0	14	51	0	0	0	0	0	0	0	0	0	0	0	12	0	0	0	0	1	66	3	0	0	0	0	11	0	0
471	0	0	0	0	0	0	0	0	0	637	0	0	0	9	0	0	0	0	0	0	0	0	0	2	9	0	14	0	794	0	0	0	36	0	0	0	0	0	0	0	5	0	0	0
472	0	0	0	0	0	0	0	0	0	0	0	0	0	0	0	0	0	0	0	0	0	0	0	0	0	0	0	0	0	0	0	279	0	0	0	0	0	0	0	39	0	0	0	0
473	0	0	0	0	0	0	0	0	0	0	0	0	0	0	0	0	0	0	0	0	0	0	0	0	0	0	0	0	0	287	0	0	0	0	0	0	0	0	0	0	0	0	0	0
474	0	0	21	0	35	27	0	0	7	0	0	13	0	0	5	0	0	12	3	0	0	0	0	0	0	0	0	5	0	11	0	0	39	0	0	0	0	0	26	341	0	0	0	0
475	0	107	0	0	0	0	0	0	0	0	0	0	0	0	0	0	0	0	0	0	0	0	0	0	0	0	0	0	0	0	0	0	0	0	0	0	0	0	0	0	0	0	0	0
476	0	0	23	0	63	0	0	0	0	0	0	0	5	0	0	0	0	0	0	0	0	0	0	0	0	8	0	0	0	28	0	0	0	0	0	0	0	0	0	0	0	0	0	0
477	84	621	0	0	0	0	0	377	0	62	105	0	0	0	0	0	0	0	0	0	0	0	0	0	0	107	0	200	0	0	0	0	0	0	0	0	0	0	0	0	0	0	0	0
478	0	0	0	0	0	0	0	0	0	0	0	0	0	0	0	6685	0	0	0	0	0	0	0	0	0	0	0	0	0	0	0	0	0	0	0	0	0	0	0	0	0	0	0	0
479	0	0	0	0	2258	0	0	0	0	0	0	0	0	0	0	0	0	0	0	0	0	0	0	0	0	0	0	0	0	0	0	0	0	0	0	0	0	0	0	0	0	0	0	0
480	0	0	0	0	0	0	6089	0	0	0	0	0	0	0	0	0	0	1487	0	0	0	0	0	0	0	0	0	0	6230	0	0	0	0	0	0	0	0	0	0	0	0	0	0	0
481	0	0	0	0	0	0	0	0	0	0	0	0	0	0	0	0	0	0	0	6	0	0	0	0	0	0	0	0	0	0	0	0	0	0	0	0	0	0	0	0	0	0	191	7
482	0	0	0	0	15	0	0	0	0	0	0	0	0	0	0	0	0	0	0	0	0	2036	0	0	0	0	0	0	0	0	0	0	0	463	0	0	0	0	0	0	0	0	0	0
483	0	0	0	0	0	0	0	0	0	65	0	0	0	0	17	45	0	0	0	0	77	0	1790	14	918	11	1615	474	0	0	0	0	0	0	0	0	0	0	0	0	0	0	0	212
484	0	0	0	0	0	0	0	0	0	0	169	0	0	0	0	0	0	0	0	0	0	0	0	0	0	0	0	0	0	0	0	0	0	0	0	0	0	0	0	0	0	0	0	0
485	0	0	0	0	0	0	0	0	0	0	0	0	0	0	0	0	0	244	0	0	0	0	0	0	0	0	0	0	0	0	0	0	0	0	0	0	0	0	0	0	0	0	0	0
486	0	17	0	0	0	0	0	0	0	0	0	3	10	0	0	0	0	0	0	0	0	0	0	2	0	0	0	0	10	17	0	12	0	0	0	0	0	0	0	10	30	0	36	0
487	0	0	0	0	0	0	0	0	0	0	0	0	0	0	0	0	0	0	0	20	0	0	0	0	0	0	0	0	0	0	0	0	0	0	0	0	0	0	0	107	0	0	0	0
488	0	11497	39	487	0	0	0	25498	40	0	12491	0	1817	0	0	0	0	0	0	0	19	0	0	0	791	0	0	0	0	0	0	0	60	0	0	0	0	0	35	0	0	319	0	0
489	0	12	0	3	0	0	0	0	0	0	0	0	0	30	0	3	0	0	0	42	126	14	0	0	0	0	0	8	10	67	0	5	23	0	0	0	0	12	29	54	147	0	3	51
490	0	0	0	0	0	0	0	0	0	0	0	0	0	0	0	0	0	0	0	0	0	178	0	0	0	0	0	0	0	0	0	0	0	0	0	0	0	0	0	0	0	0	0	0
491	0	0	0	0	253	0	0	12	0	0	0	0	0	0	0	0	0	0	0	0	0	0	0	0	0	0	0	0	0	0	0	0	0	0	0	0	0	0	0	194	0	0	0	0
492	0	0	0	0	12	78	0	39	0	0	0	41	0	72	0	0	0	0	25	0	0	0	0	0	370	0	0	0	0	0	0	0	80	0	63	0	0	0	0	737	295	0	0	0
493	0	0	0	0	181	0	0	0	0	0	0	0	0	0	0	0	0	0	0	0	329	0	0	0	0	0	0	0	0	0	0	0	0	0	0	0	0	0	0	0	0	0	0	0
494	0	237	0	84	0	0	0	0	0	0	0	0	60	0	0	0	0	0	0	0	0	0	0	0	0	0	0	0	0	0	0	0	0	0	0	0	0	0	0	0	0	0	0	0
495	0	0	0	0	0	0	0	0	0	0	0	0	0	0	0	0	0	0	0	0	0	0	0	0	0	0	0	363	0	0	0	0	0	0	0	0	0	0	0	0	0	0	0	0
496	0	0	0	0	0	0	0	0	0	0	0	0	0	0	0	0	0	0	0	0	0	31	0	0	0	0	0	53	0	0	0	0	60	0	0	0	0	0	0	0	0	0	0	0
497	0	235	0	0	0	0	0	0	0	0	0	0	0	0	0	0	0	0	0	0	0	0	0	0	0	0	0	3	0	19	0	0	0	0	0	0	0	0	0	0	232	0	0	0
498	228	0	0	0	0	0	0	0	0	0	0	0	0	0	0	0	0	0	35	0	0	0	0	0	0	0	0	0	0	0	0	0	0	0	0	0	0	0	0	0	0	0	0	0
499	0	11	0	0	0	0	0	0	0	0	0	0	0	0	0	0	0	0	0	7	0	7	0	0	0	15	0	37	0	0	0	0	222	0	0	0	6	0	0	11	8	0	0	0
500	0	0	0	0	0	0	0	0	0	0	0	0	0	0	0	0	0	0	0	0	0	80	0	0	0	0	0	0	0	0	0	0	86	0	0	0	0	0	0	0	0	0	0	0
501	0	0	0	0	0	0	0	0	0	0	0	0	0	0	0	0	0	0	0	0	0	0	0	0	0	0	0	0	0	0	0	0	0	0	0	0	0	0	0	181	0	0	0	0
502	0	0	0	0	0	0	0	0	0	0	0	0	235	0	0	0	0	0	0	0	0	0	0	0	0	0	0	0	0	0	0	0	0	0	0	0	0	0	0	0	0	0	0	0
503	0	89	0	0	0	0	0	0	0	0	0	0	0	0	0	0	0	0	0	0	4	0	0	0	0	9	0	0	0	0	0	0	43	0	0	0	0	0	0	0	0	0	0	0
504	0	0	78	282	0	0	0	0	0	0	0	0	2777	0	0	0	0	0	0	0	0	0	455	0	27	0	0	0	0	0	0	0	0	0	0	0	0	0	0	0	0	0	0	0
505	0	0	0	0	0	120	20	0	0	0	0	0	0	0	0	0	0	0	0	0	0	8	0	0	0	0	0	0	0	0	0	0	0	0	0	0	0	0	0	0	0	0	0	0
506	0	0	0	0	0	0	0	0	0	0	0	0	389	0	0	0	0	0	0	0	0	0	0	0	0	0	0	0	0	0	0	0	0	0	0	0	0	0	0	0	0	0	0	0
507	0	0	0	0	0	0	0	0	0	0	0	0	116	13	0	0	0	0	0	0	0	0	0	0	0	0	0	0	0	0	0	0	0	0	0	0	0	0	0	0	0	0	0	0
508	0	0	10	0	0	0	0	0	0	0	0	0	6	0	0	78	0	0	170	0	0	0	0	0	0	0	0	0	0	0	0	342	0	0	0	0	0	6	0	8	0	28	0	0
509	0	0	0	0	0	0	0	0	0	0	0	0	0	118	0	0	0	0	0	0	0	0	0	0	0	0	0	0	0	0	0	0	0	0	0	0	0	0	0	0	0	0	0	0
510	0	0	0	0	0	0	0	0	0	0	0	0	0	0	0	0	0	0	0	0	0	0	0	0	0	0	0	0	0	0	0	0	0	0	0	0	0	0	0	0	111	0	0	0
511	0	0	66	0	0	0	0	44	0	23	0	0	0	0	0	0	0	0	50	164	0	0	40	0	0	0	0	0	0	12	0	0	0	0	0	0	0	57	100	89	92	8	0	0
512	0	0	123	0	0	721	0	0	0	0	0	0	0	0	0	0	0	0	649	0	0	0	0	0	0	265	0	131	0	0	0	0	0	0	0	0	0	0	0	247	0	0	0	0
513	0	0	0	0	0	0	0	0	0	0	0	0	0	0	0	0	0	0	0	0	0	139	0	0	0	0	0	0	0	0	0	0	0	0	0	0	0	0	0	0	0	0	0	0
514	48	0	0	0	0	0	0	0	0	0	0	0	0	0	0	0	9	8	0	0	0	23	0	0	0	0	0	0	0	30	0	0	18	0	0	0	0	0	0	0	23	0	0	0
515	0	16	0	0	47	0	0	0	0	0	0	0	0	0	0	0	19	0	13	0	0	0	0	10	0	6	0	4	12	75	0	0	18	0	0	0	9	6	18	0	10	0	0	0
516	0	0	0	0	0	0	0	0	0	0	188	0	23	0	0	0	0	0	0	0	0	0	0	0	0	0	0	0	0	0	0	0	0	0	0	0	0	0	0	0	0	0	0	0